file	complexity	coverage	spikiness	entropy
Undetermined_S0_.trimmed.mdup.bam	47711778.4755196	0.0965597280431764	0.254208153108134	7.84947991210646
fucci-wt-single-f8-r1-c6_S398_.trimmed.mdup.bam	7630604.53023437	0.104757437618235	0.124526907224694	7.92350122205982
fucci-wt-single-f8-r5-c3_S423_.trimmed.mdup.bam	8627964.09548876	0.0396456510511312	0.133715750197867	7.92231811439233
fucci-wt-single-f8-r5-c4_S424_.trimmed.mdup.bam	2139610.82571239	0.000636148253401579	0.545268622669708	7.80692821341557
na12878-h3h5-1-10-bst-single-f7-r1-c4_S102_.trimmed.mdup.bam	923374.468709082	0.000205038949689045	0.874939172749392	7.44138715286148
na12878-h3h5-1-10-bst-single-f7-r1-c6_S104_.trimmed.mdup.bam	10163091.4101854	0.0360889430345291	0.22580431512185	7.884256066891
na12878-h3h5-1-10-bst-single-f7-r1-c7_S105_.trimmed.mdup.bam	6724783.27941499	0.0209473868676987	0.229752932555241	7.88605032669582
na12878-h3h5-1-10-bst-single-f7-r2-c1_S106_.trimmed.mdup.bam	10856125.9518653	0.025075059416421	0.253358689518821	7.85981095989572
na12878-h3h5-1-10-bst-single-f7-r2-c2_S107_.trimmed.mdup.bam	1951129.62491499	0.00051320531654279	0.622919086333721	7.73116925699891
na12878-h3h5-1-10-bst-single-f7-r2-c3_S108_.trimmed.mdup.bam	5450906.19182645	0.00304575508183252	0.315826040925708	7.86580425168003
na12878-h3h5-1-10-bst-single-f7-r2-c5_S110_.trimmed.mdup.bam	4525562.8064778	0.00224575253051474	0.360211204582066	7.83480674056975
na12878-h3h5-1-10-bst-single-f7-r2-c6_S111_.trimmed.mdup.bam	5522748.96556236	0.0215496195490322	0.280022807022218	7.62965225144814
na12878-h3h5-1-10-bst-single-f7-r2-c7_S112_.trimmed.mdup.bam	1530749.19361793	0.000471712079400501	0.607376185458377	7.44431722506486
na12878-h3h5-1-10-bst-single-f7-r3-c1_S113_.trimmed.mdup.bam	4261280.06006307	0.00183383250924078	0.380692664303245	7.84124522032396
na12878-h3h5-1-10-bst-single-f7-r3-c2_S114_.trimmed.mdup.bam	5453043.21879257	0.00287473855958607	0.333087964666912	7.85920411810843
na12878-h3h5-1-10-bst-single-f7-r3-c3_S115_.trimmed.mdup.bam	1367623.06364204	0.000481241635982582	0.63539401470436	7.73106736211705
na12878-h3h5-1-10-bst-single-f7-r3-c4_S116_.trimmed.mdup.bam	900382.170194205	0.000328124360380525	0.724022004889976	7.6461712705781
na12878-h3h5-1-10-bst-single-f7-r3-c6_S118_.trimmed.mdup.bam	6506208.78688598	0.00751866180302492	0.337803941994024	7.71237547945081
na12878-h3h5-1-10-bst-single-f7-r3-c7_S119_.trimmed.mdup.bam	4994230.14364239	0.00363379218856328	0.313513664796183	7.86957498894811
na12878-h3h5-1-10-bst-single-f7-r4-c2_S121_.trimmed.mdup.bam	7724446.68119649	0.00869138950043902	0.261300357384562	7.87614265768791
na12878-h3h5-1-10-bst-single-f7-r4-c3_S122_.trimmed.mdup.bam	2666450.90106562	0.00125176732272895	0.443292756417982	7.82711961148751
na12878-h3h5-1-10-bst-single-f7-r4-c4_S123_.trimmed.mdup.bam	2147316.22997001	0.000878624145455349	0.551915380217267	7.68063108618251
na12878-h3h5-1-10-bst-single-f7-r4-c5_S124_.trimmed.mdup.bam	4578755.60170774	0.00131262890601318	0.444457064970468	7.80528703332925
na12878-h3h5-1-10-bst-single-f7-r4-c6_S125_.trimmed.mdup.bam	12077261.5459956	0.0163961943372881	0.314870550366869	7.79675916228033
na12878-h3h5-1-10-bst-single-f7-r4-c7_S126_.trimmed.mdup.bam	2430495.88059238	0.000779678982888479	0.555888541733087	7.67129546886636
na12878-h3h5-1-10-bst-single-f7-r5-c2_S128_.trimmed.mdup.bam	400992.638865734	0.000141521524641781	1.06333567909923	7.29768161940894
na12878-h3h5-1-10-bst-single-f7-r5-c3_S129_.trimmed.mdup.bam	5563166.73418517	0.00426420554639485	0.382579868108804	7.79139966973258
na12878-h3h5-1-10-bst-single-f7-r5-c4_S130_.trimmed.mdup.bam	8431574.11590885	0.00591932308936136	0.307644292432664	7.84449611422596
na12878-h3h5-1-10-bst-single-f7-r5-c5_S131_.trimmed.mdup.bam	13979887.9912864	0.0294176482370878	0.25796968488959	7.85536768585698
na12878-h3h5-1-10-bst-single-f7-r5-c6_S132_.trimmed.mdup.bam	7249771.07767775	0.00788562582541385	0.263930232710286	7.87370492429809
na12878-h3h5-1-10-bst-single-f7-r5-c7_S133_.trimmed.mdup.bam	5043301.74076716	0.00287637085638289	0.336796734007324	7.85769196121118
na12878-h3h5-1-10-bst-single-f7-r6-c1_S134_.trimmed.mdup.bam	1670997.11253132	0.000718171086490498	0.578087761110332	7.65077050787579
na12878-h3h5-1-10-bst-single-f7-r6-c2_S135_.trimmed.mdup.bam	8469399.65702568	0.0149303610523524	0.33602827918598	7.79275923070788
na12878-h3h5-1-10-bst-single-f7-r6-c3_S136_.trimmed.mdup.bam	6932354.34855705	0.00358368478921395	0.375720759269911	7.80360226163441
na12878-h3h5-1-10-bst-single-f7-r6-c4_S137_.trimmed.mdup.bam	7967537.34416333	0.00654620698179217	0.342882018672409	7.79012504969443
na12878-h3h5-1-10-bst-single-f7-r6-c5_S138_.trimmed.mdup.bam	8969968.30564869	0.0123049763090933	0.240884422962775	7.88391893666034
na12878-h3h5-1-10-bst-single-f7-r6-c6_S139_.trimmed.mdup.bam	6787685.4980107	0.00440637856501703	0.301569790158358	7.86345191559443
na12878-h3h5-1-10-bst-single-f7-r6-c7_S140_.trimmed.mdup.bam	1577391.77452761	0.000841244840232031	0.54045792375929	7.71471217798842
na12878-h3h5-1-10-bst-single-f7-r7-c1_S141_.trimmed.mdup.bam	85108.4335403331	0.000308698700901348	0.848292591901474	7.4150169315355
na12878-h3h5-1-10-bst-single-f7-r7-c2_S142_.trimmed.mdup.bam	12836515.9239854	0.0135071397479498	0.263193499593345	7.8459803495034
na12878-h3h5-1-10-bst-single-f7-r7-c3_S143_.trimmed.mdup.bam	5020228.02748198	0.00239615891764567	0.374747032192109	7.7708422066072
na12878-h3h5-1-10-bst-single-f7-r7-c4_S144_.trimmed.mdup.bam	3239124.4469608	0.00150061891879567	0.428227263601686	7.81155399044897
na12878-h3h5-1-10-bst-single-f7-r7-c5_S145_.trimmed.mdup.bam	12674694.0663561	0.0158583999800477	0.275333072100313	7.84266536529209
na12878-h3h5-1-10-bst-single-f7-r7-c6_S146_.trimmed.mdup.bam	7875932.34848888	0.011973516442007	0.315586159829557	7.79974881110133
na12878-h3h5-1-10-taq-single-f11-r1-c1_S295_.trimmed.mdup.bam	4364822.35509109	0.0173694521928506	0.401962814056928	7.71739159869536
na12878-h3h5-1-10-taq-single-f11-r1-c2_S296_.trimmed.mdup.bam	9626850.27724974	0.0177608663439502	0.277383924412007	7.83646602133229
na12878-h3h5-1-10-taq-single-f11-r1-c3_S297_.trimmed.mdup.bam	9779329.65323298	0.0403060130562029	0.24132701776721	7.86542456509764
na12878-h3h5-1-10-taq-single-f11-r1-c4_S298_.trimmed.mdup.bam	9298610.03383461	0.0192646695529065	0.333000122177424	7.78445450673693
na12878-h3h5-1-10-taq-single-f11-r1-c5_S299_.trimmed.mdup.bam	2899731.59662138	0.00082206948137256	0.574659812518899	7.68307473451029
na12878-h3h5-1-10-taq-single-f11-r1-c6_S300_.trimmed.mdup.bam	4104802.64101366	0.024214232519298	0.271471297090911	7.84223910897899
na12878-h3h5-1-10-taq-single-f11-r1-c7_S301_.trimmed.mdup.bam	1587712.58318137	0.000890647965522029	0.512941043212324	7.76194699743783
na12878-h3h5-1-10-taq-single-f11-r2-c1_S302_.trimmed.mdup.bam	6979300.56885636	0.01266596970648	0.305916626495924	7.81646861866707
na12878-h3h5-1-10-taq-single-f11-r2-c2_S303_.trimmed.mdup.bam	7357003.0228287	0.0119011672583536	0.265921039799275	7.8639686235767
na12878-h3h5-1-10-taq-single-f11-r2-c3_S304_.trimmed.mdup.bam	10277855.357548	0.027739465152021	0.251017075803282	7.86029262243985
na12878-h3h5-1-10-taq-single-f11-r2-c4_S305_.trimmed.mdup.bam	9817936.98325831	0.0361449851166184	0.252003038440687	7.85574098863079
na12878-h3h5-1-10-taq-single-f11-r3-c1_S309_.trimmed.mdup.bam	1153137.19657522	0.000481960157425179	0.633548118894201	7.72289658545908
na12878-h3h5-1-10-taq-single-f11-r3-c2_S310_.trimmed.mdup.bam	2355886.2867023	0.00152019126156169	0.41988234121049	7.68906853289431
na12878-h3h5-1-10-taq-single-f11-r3-c3_S311_.trimmed.mdup.bam	638723.470089702	0.00021051901138103	0.882408724513988	7.41978311908653
na12878-h3h5-1-10-taq-single-f11-r3-c4_S312_.trimmed.mdup.bam	4873962.80353125	0.0135069975979213	0.247732062115105	7.87455590250316
na12878-h3h5-1-10-taq-single-f11-r3-c6_S314_.trimmed.mdup.bam	6937863.02296063	0.0137102313393893	0.256462123692375	7.86026950342326
na12878-h3h5-1-10-taq-single-f11-r3-c7_S315_.trimmed.mdup.bam	1842828.09665686	0.000585259190797441	0.594716659565403	7.72878936661062
na12878-h3h5-1-10-taq-single-f11-r4-c1_S316_.trimmed.mdup.bam	6590807.71288881	0.0161553960746143	0.316733820621326	7.79391532721543
na12878-h3h5-1-10-taq-single-f11-r4-c2_S317_.trimmed.mdup.bam	6653883.89092868	0.00572607482074005	0.348477279620346	7.80959392434943
na12878-h3h5-1-10-taq-single-f11-r4-c3_S318_.trimmed.mdup.bam	4820253.30743784	0.0193574637315511	0.361584911754942	7.7384475561921
na12878-h3h5-1-10-taq-single-f11-r4-c4_S319_.trimmed.mdup.bam	6835851.20053608	0.0166038169204113	0.284148557830601	7.72486664142242
na12878-h3h5-1-10-taq-single-f11-r4-c7_S322_.trimmed.mdup.bam	1920747.46946781	0.000974612652189702	0.496202924006819	7.79271932689344
na12878-h3h5-1-10-taq-single-f11-r5-c2_S324_.trimmed.mdup.bam	7141806.29429509	0.0098993134153946	0.259683469611397	7.87447133070642
na12878-h3h5-1-10-taq-single-f11-r5-c3_S325_.trimmed.mdup.bam	9092799.61728221	0.0158539580345094	0.276393614149903	7.84450636882954
na12878-h3h5-1-10-taq-single-f11-r5-c4_S326_.trimmed.mdup.bam	8986207.67332278	0.0378173225650907	0.243080927496458	7.86898729703843
na12878-h3h5-1-10-taq-single-f11-r5-c5_S327_.trimmed.mdup.bam	4571034.92674964	0.00356072351205487	0.316081357288853	7.85768566530897
na12878-h3h5-1-10-taq-single-f11-r6-c1_S330_.trimmed.mdup.bam	6431049.00487911	0.00820625541458647	0.357907930720146	7.79296181948082
na12878-h3h5-1-10-taq-single-f11-r6-c2_S331_.trimmed.mdup.bam	8133507.44541291	0.0114821598115116	0.316505437229674	7.80672914451007
na12878-h3h5-1-10-taq-single-f11-r6-c3_S332_.trimmed.mdup.bam	3986330.40556258	0.00187948824892682	0.426490632600155	7.78110263511641
na12878-h3h5-1-10-taq-single-f11-r7-c3_S339_.trimmed.mdup.bam	5730401.00146112	0.00457280678224247	0.295138233235957	7.86181715443031
na12878-h3h5-1-10-taq-single-f11-r7-c4_S340_.trimmed.mdup.bam	6215708.64495548	0.00495358364271086	0.290946041651698	7.86566364883402
na12878-h3h5-1-30-bst-nc-f8-r7-c7_S196_.trimmed.mdup.bam	158050.329579496	0.000131312626921094	1.08731401722788	7.17804001555793
na12878-h3h5-1-30-bst-single-f8-r1-c3_S150_.trimmed.mdup.bam	501067.632472458	0.000204138774109766	0.916687207296032	7.32601071388057
na12878-h3h5-1-30-bst-single-f8-r1-c5_S152_.trimmed.mdup.bam	8866930.81946846	0.0309258710490951	0.34806098621858	7.76401873170988
na12878-h3h5-1-30-bst-single-f8-r1-c6_S153_.trimmed.mdup.bam	6483002.61909092	0.0254684526585784	0.313034311558473	7.78525830419319
na12878-h3h5-1-30-bst-single-f8-r1-c7_S154_.trimmed.mdup.bam	2495133.65297494	0.00204895828248023	0.411742688891107	7.7744996348865
na12878-h3h5-1-30-bst-single-f8-r2-c1_S155_.trimmed.mdup.bam	462343.536370703	0.000148083416049728	1.04763513513514	7.26816334959431
na12878-h3h5-1-30-bst-single-f8-r2-c2_S156_.trimmed.mdup.bam	2627788.9020637	0.00164003927820942	0.43137012926912	7.77130051324283
na12878-h3h5-1-30-bst-single-f8-r2-c3_S157_.trimmed.mdup.bam	6523125.24881499	0.0208778159237829	0.356222312260017	7.69495673813144
na12878-h3h5-1-30-bst-single-f8-r2-c4_S158_.trimmed.mdup.bam	7607896.9934523	0.0210937541216729	0.354295506652512	7.71788684048603
na12878-h3h5-1-30-bst-single-f8-r2-c5_S159_.trimmed.mdup.bam	5450397.75321839	0.00359555739273548	0.372843675249754	7.76451069785922
na12878-h3h5-1-30-bst-single-f8-r2-c6_S160_.trimmed.mdup.bam	7065606.15262932	0.0171079460062033	0.383109133269427	7.70401974014864
na12878-h3h5-1-30-bst-single-f8-r2-c7_S161_.trimmed.mdup.bam	4054447.85995506	0.00348996453065688	0.410354830203053	7.78216383927045
na12878-h3h5-1-30-bst-single-f8-r3-c1_S162_.trimmed.mdup.bam	3935658.00380872	0.00354381575376435	0.369921225699212	7.78589343845878
na12878-h3h5-1-30-bst-single-f8-r3-c2_S163_.trimmed.mdup.bam	2202767.37362296	0.00126171393907582	0.462199036918138	7.79715140176912
na12878-h3h5-1-30-bst-single-f8-r3-c4_S165_.trimmed.mdup.bam	7411819.44479278	0.0127114777914667	0.335097383026045	7.7907380775368
na12878-h3h5-1-30-bst-single-f8-r3-c5_S166_.trimmed.mdup.bam	8142084.70483613	0.042544810273249	0.339365177756484	7.79569920877661
na12878-h3h5-1-30-bst-single-f8-r3-c6_S167_.trimmed.mdup.bam	4685541.8433494	0.0184610526994967	0.343860111925534	7.80874962070839
na12878-h3h5-1-30-bst-single-f8-r3-c7_S168_.trimmed.mdup.bam	1611234.73172965	0.00114278034539064	0.538985313751669	7.58670352140818
na12878-h3h5-1-30-bst-single-f8-r4-c1_S169_.trimmed.mdup.bam	7128001.80329414	0.0134989432931159	0.286559617625565	7.84395232640273
na12878-h3h5-1-30-bst-single-f8-r4-c2_S170_.trimmed.mdup.bam	3892638.84620092	0.00209007331635755	0.38427074551367	7.82399209301544
na12878-h3h5-1-30-bst-single-f8-r4-c3_S171_.trimmed.mdup.bam	6741887.04114801	0.0126048325658511	0.361095758639457	7.74408354716995
na12878-h3h5-1-30-bst-single-f8-r4-c4_S172_.trimmed.mdup.bam	9872730.91792803	0.0735132473226857	0.31733276106088	7.80381698907962
na12878-h3h5-1-30-bst-single-f8-r4-c5_S173_.trimmed.mdup.bam	9515675.66275327	0.0357223394061761	0.257323792864493	7.85346324732584
na12878-h3h5-1-30-bst-single-f8-r4-c6_S174_.trimmed.mdup.bam	6884209.28883333	0.0248429209723415	0.293590538523367	7.82751869937878
na12878-h3h5-1-30-bst-single-f8-r4-c7_S175_.trimmed.mdup.bam	2154672.87682708	0.000745407226238665	0.547140649149923	7.74232773038979
na12878-h3h5-1-30-bst-single-f8-r5-c1_S176_.trimmed.mdup.bam	1654950.14464062	0.000623532195516733	0.568569369946361	7.74061024211558
na12878-h3h5-1-30-bst-single-f8-r5-c3_S178_.trimmed.mdup.bam	6677332.38733729	0.00698798304231499	0.354088797033259	7.77311406330836
na12878-h3h5-1-30-bst-single-f8-r5-c4_S179_.trimmed.mdup.bam	9209671.87232089	0.0633860353549509	0.254435848934588	7.85613071648076
na12878-h3h5-1-30-bst-single-f8-r5-c5_S180_.trimmed.mdup.bam	854163.554812878	0.00118579125265526	0.460213434884648	7.79937404035432
na12878-h3h5-1-30-bst-single-f8-r5-c6_S181_.trimmed.mdup.bam	7005894.04165048	0.009941669266833	0.299589329940003	7.82937657674465
na12878-h3h5-1-30-bst-single-f8-r5-c7_S182_.trimmed.mdup.bam	7451671.15786676	0.0136820050065039	0.288427163640885	7.83436028259376
na12878-h3h5-1-30-bst-single-f8-r6-c1_S183_.trimmed.mdup.bam	8804536.74531854	0.0124482444334022	0.332971623212572	7.77500979919704
na12878-h3h5-1-30-bst-single-f8-r6-c2_S184_.trimmed.mdup.bam	9392448.77920452	0.0509580082822118	0.299478357367473	7.80593378435148
na12878-h3h5-1-30-bst-single-f8-r6-c3_S185_.trimmed.mdup.bam	5656755.28374749	0.0252783867372928	0.291776433890213	7.81953127316941
na12878-h3h5-1-30-bst-single-f8-r6-c4_S186_.trimmed.mdup.bam	749471.148544835	0.000280243114667007	0.833243679397526	7.47110398911616
na12878-h3h5-1-30-bst-single-f8-r6-c5_S187_.trimmed.mdup.bam	8560025.24282394	0.029904949220414	0.263634001210183	7.84485511433015
na12878-h3h5-1-30-bst-single-f8-r6-c6_S188_.trimmed.mdup.bam	6915000.72092094	0.00918901077011866	0.313505488216061	7.81225578374194
na12878-h3h5-1-30-bst-single-f8-r6-c7_S189_.trimmed.mdup.bam	7312854.59548598	0.0200880287462691	0.308747625166101	7.80515820744239
na12878-h3h5-1-30-bst-single-f8-r7-c1_S190_.trimmed.mdup.bam	6537631.2247084	0.0386746931765543	0.264352774374628	7.85536019790818
na12878-h3h5-1-30-bst-single-f8-r7-c2_S191_.trimmed.mdup.bam	162705.089952549	0.000783422806646617	0.57279309813588	7.75039048463385
na12878-h3h5-1-30-bst-single-f8-r7-c3_S192_.trimmed.mdup.bam	6368970.91177403	0.0226063006906981	0.361510052309825	7.76867214405862
na12878-h3h5-1-30-bst-single-f8-r7-c4_S193_.trimmed.mdup.bam	11952988.4445146	0.0708390979959504	0.293113655160406	7.81806082491207
na12878-h3h5-1-30-bst-single-f8-r7-c5_S194_.trimmed.mdup.bam	7551350.85228087	0.0373696998965609	0.259496839200334	7.85159302480938
na12878-h3h5-1-30-bst-single-f8-r7-c6_S195_.trimmed.mdup.bam	4242711.33130355	0.00633323483005552	0.290136472307079	7.85920507946475
na12878-h3h5-1-30-taq-single-f12-r1-c1_S344_.trimmed.mdup.bam	5111372.17901942	0.0260173237087022	0.303610637873168	7.8202572637126
na12878-h3h5-1-30-taq-single-f12-r1-c2_S345_.trimmed.mdup.bam	6554460.25052694	0.047931628994017	0.262447382446675	7.84752258727802
na12878-h3h5-1-30-taq-single-f12-r1-c3_S346_.trimmed.mdup.bam	5076216.60991455	0.0283208730160775	0.233040025171699	7.87628432030358
na12878-h3h5-1-30-taq-single-f12-r1-c4_S347_.trimmed.mdup.bam	4164142.71029691	0.0210659241250857	0.237627083655881	7.87721601621342
na12878-h3h5-1-30-taq-single-f12-r1-c5_S348_.trimmed.mdup.bam	4829114.19647123	0.0210335058234775	0.249807850864322	7.87084257948529
na12878-h3h5-1-30-taq-single-f12-r1-c6_S349_.trimmed.mdup.bam	5795703.7525493	0.0229201915913886	0.265385022773011	7.82857743174933
na12878-h3h5-1-30-taq-single-f12-r1-c7_S350_.trimmed.mdup.bam	2608662.89528976	0.0149985950088701	0.291298437842148	7.60550876500693
na12878-h3h5-1-30-taq-single-f12-r2-c2_S352_.trimmed.mdup.bam	3093984.52466069	0.00464180426898172	0.322287449851538	7.83706670000472
na12878-h3h5-1-30-taq-single-f12-r2-c3_S353_.trimmed.mdup.bam	6413863.16149536	0.0281518520989012	0.251729143896477	7.86273360868585
na12878-h3h5-1-30-taq-single-f12-r2-c4_S354_.trimmed.mdup.bam	5031270.67022574	0.0209740851687285	0.364224695832255	7.74451006818376
na12878-h3h5-1-30-taq-single-f12-r2-c5_S355_.trimmed.mdup.bam	6712575.92824992	0.0257831559839194	0.253361422364254	7.86593186684457
na12878-h3h5-1-30-taq-single-f12-r2-c6_S356_.trimmed.mdup.bam	9099091.83821056	0.0619957756955457	0.242173260950239	7.86467885850433
na12878-h3h5-1-30-taq-single-f12-r2-c7_S357_.trimmed.mdup.bam	975016.040717681	0.000165225284751691	0.99096657633243	7.37777476005848
na12878-h3h5-1-30-taq-single-f12-r3-c1_S358_.trimmed.mdup.bam	5711108.18056911	0.0126265387780659	0.289756431659604	7.84583461497444
na12878-h3h5-1-30-taq-single-f12-r3-c2_S359_.trimmed.mdup.bam	9028936.14012923	0.0210999876756573	0.25170500905746	7.87001717046072
na12878-h3h5-1-30-taq-single-f12-r3-c3_S360_.trimmed.mdup.bam	3524597.86240503	0.00235075250716684	0.361152412351585	7.85127628107023
na12878-h3h5-1-30-taq-single-f12-r3-c4_S361_.trimmed.mdup.bam	4522839.16217036	0.0109100480412341	0.321837412692377	7.80388128534635
na12878-h3h5-1-30-taq-single-f12-r3-c5_S362_.trimmed.mdup.bam	5107286.10380639	0.0278368783970823	0.314948407140549	7.80176274923569
na12878-h3h5-1-30-taq-single-f12-r3-c6_S363_.trimmed.mdup.bam	6761455.73244891	0.0248783794712568	0.271771433820996	7.839794016332
na12878-h3h5-1-30-taq-single-f12-r3-c7_S364_.trimmed.mdup.bam	4357640.37303203	0.00247456485820921	0.373283268371324	7.81728753919521
na12878-h3h5-1-30-taq-single-f12-r4-c1_S365_.trimmed.mdup.bam	3462486.05471052	0.0032644478817559	0.337822547694629	7.84808527231033
na12878-h3h5-1-30-taq-single-f12-r4-c2_S366_.trimmed.mdup.bam	5400950.81262994	0.00675882100612209	0.286018643859217	7.85299953095003
na12878-h3h5-1-30-taq-single-f12-r4-c3_S367_.trimmed.mdup.bam	7445896.63571851	0.0100719612630254	0.272874640702281	7.87028408658082
na12878-h3h5-1-30-taq-single-f12-r4-c4_S368_.trimmed.mdup.bam	8379882.76766056	0.0702654951074921	0.245824377939012	7.87450854052866
na12878-h3h5-1-30-taq-single-f12-r4-c5_S369_.trimmed.mdup.bam	8704915.28920387	0.0574993523730508	0.247598701679311	7.863872461874
na12878-h3h5-1-30-taq-single-f12-r4-c6_S370_.trimmed.mdup.bam	6582465.4699525	0.0184027990349591	0.260812920268972	7.85554804055863
na12878-h3h5-1-30-taq-single-f12-r4-c7_S371_.trimmed.mdup.bam	2812945.6601039	0.001191288475968	0.459897107194063	7.79281463341026
na12878-h3h5-1-30-taq-single-f12-r5-c1_S372_.trimmed.mdup.bam	558947.672851402	0.0002343943876985	0.846908315565032	7.43192925596529
na12878-h3h5-1-30-taq-single-f12-r5-c2_S373_.trimmed.mdup.bam	4052622.65853248	0.00858628104939157	0.288007637327438	7.85999452177055
na12878-h3h5-1-30-taq-single-f12-r5-c3_S374_.trimmed.mdup.bam	10371913.3048569	0.0634876554637265	0.260166331024756	7.85033922600063
na12878-h3h5-1-30-taq-single-f12-r5-c4_S375_.trimmed.mdup.bam	8491440.25587691	0.0496968318580502	0.263981024997827	7.85313889214297
na12878-h3h5-1-30-taq-single-f12-r5-c5_S376_.trimmed.mdup.bam	2924762.68477417	0.00548049073250444	0.301405812512805	7.86388851888262
na12878-h3h5-1-30-taq-single-f12-r5-c6_S377_.trimmed.mdup.bam	6080980.55139365	0.00996992830393906	0.279955361156802	7.8491906234834
na12878-h3h5-1-30-taq-single-f12-r5-c7_S378_.trimmed.mdup.bam	6090980.37916712	0.0119111851116169	0.275672670370221	7.85160296258786
na12878-h3h5-1-30-taq-single-f12-r6-c1_S379_.trimmed.mdup.bam	3084347.85366059	0.00154082309155627	0.411908805853149	7.80818935010125
na12878-h3h5-1-30-taq-single-f12-r6-c2_S380_.trimmed.mdup.bam	4449757.37816161	0.00267311315340665	0.360867427966422	7.80498479595979
na12878-h3h5-1-30-taq-single-f12-r6-c3_S381_.trimmed.mdup.bam	7998532.34655524	0.0278524300635289	0.305381831320703	7.78688957876165
na12878-h3h5-1-30-taq-single-f12-r6-c4_S382_.trimmed.mdup.bam	3480610.7910325	0.0058103542450563	0.316551868465829	7.71276664600562
na12878-h3h5-1-30-taq-single-f12-r6-c5_S383_.trimmed.mdup.bam	6819093.3648272	0.0156156945108408	0.31595073929232	7.82284772134911
na12878-h3h5-1-30-taq-single-f12-r6-c6_S384_.trimmed.mdup.bam	4178930.22049349	0.0029564570167597	0.392363317817207	7.80283086264255
na12878-h3h5-1-30-taq-single-f12-r7-c1_S386_.trimmed.mdup.bam	6178295.43987173	0.0226672668627277	0.277877500321889	7.83533754584597
na12878-h3h5-1-30-taq-single-f12-r7-c2_S387_.trimmed.mdup.bam	2955443.97446278	0.0034581057626462	0.352562470991601	7.81906206546783
na12878-h3h5-1-30-taq-single-f12-r7-c3_S388_.trimmed.mdup.bam	5660723.15628805	0.0233401202610807	0.354232701393457	7.74286572871536
na12878-h3h5-1-30-taq-single-f12-r7-c4_S389_.trimmed.mdup.bam	6509689.81419277	0.0519013375663924	0.284808474469478	7.84859181164628
na12878-h3h5-1-30-taq-single-f12-r7-c5_S390_.trimmed.mdup.bam	4639670.06455612	0.0052108829656437	0.296705040108675	7.86398793578697
na12878-h3h5-1-30-taq-single-f12-r7-c6_S391_.trimmed.mdup.bam	3136163.38876536	0.00194564597313719	0.378307360095741	7.8409388583547
na12878-m1h3h5-1-10-bst-single-f5-r1-c1_S1_.trimmed.mdup.bam	7688030.17494259	0.0464010475044021	0.262523701099302	7.73838018122529
na12878-m1h3h5-1-10-bst-single-f5-r1-c2_S2_.trimmed.mdup.bam	3749987.0054517	0.0112837844277384	0.282015391920231	7.72511999205361
na12878-m1h3h5-1-10-bst-single-f5-r1-c3_S3_.trimmed.mdup.bam	2767350.71867525	0.00140468869681106	0.44895034749588	7.77327937956803
na12878-m1h3h5-1-10-bst-single-f5-r1-c4_S4_.trimmed.mdup.bam	11297107.7956741	0.0445086919255582	0.306345238325937	7.79040397839237
na12878-m1h3h5-1-10-bst-single-f5-r1-c5_S5_.trimmed.mdup.bam	7579661.31445601	0.00597559636762458	0.340083590830546	7.7916788912601
na12878-m1h3h5-1-10-bst-single-f5-r1-c7_S7_.trimmed.mdup.bam	7867893.81961766	0.00873713169583717	0.319816247525392	7.80152784960248
na12878-m1h3h5-1-10-bst-single-f5-r2-c1_S8_.trimmed.mdup.bam	5206459.4185154	0.00412099473542318	0.320208934163459	7.84541882273271
na12878-m1h3h5-1-10-bst-single-f5-r2-c2_S9_.trimmed.mdup.bam	3948065.86281074	0.00235738822592445	0.362109232714105	7.83450026406941
na12878-m1h3h5-1-10-bst-single-f5-r2-c3_S10_.trimmed.mdup.bam	11117239.5205561	0.0381052106960983	0.294273059979467	7.82868374217245
na12878-m1h3h5-1-10-bst-single-f5-r2-c6_S13_.trimmed.mdup.bam	10523213.4186218	0.0545769880492376	0.305390798011553	7.80081382162763
na12878-m1h3h5-1-10-bst-single-f5-r3-c1_S15_.trimmed.mdup.bam	7991241.90442829	0.0129936426838542	0.263715730938214	7.85967674227095
na12878-m1h3h5-1-10-bst-single-f5-r3-c2_S16_.trimmed.mdup.bam	14213844.8682041	0.0286552215401217	0.277404730336598	7.84106654759887
na12878-m1h3h5-1-10-bst-single-f5-r3-c3_S17_.trimmed.mdup.bam	2828263.91909426	0.00188840516802833	0.462233699160749	7.71517196874185
na12878-m1h3h5-1-10-bst-single-f5-r3-c4_S18_.trimmed.mdup.bam	11173226.2621019	0.0254150508756523	0.256914944330858	7.85388069152941
na12878-m1h3h5-1-10-bst-single-f5-r3-c5_S19_.trimmed.mdup.bam	11244649.9748002	0.0405541934062352	0.257268563314882	7.8470178669967
na12878-m1h3h5-1-10-bst-single-f5-r3-c6_S20_.trimmed.mdup.bam	10553928.2192299	0.0420182868913912	0.287012509803276	7.82243116227983
na12878-m1h3h5-1-10-bst-single-f5-r4-c1_S22_.trimmed.mdup.bam	3935926.1765913	0.00259902449377784	0.368024073784587	7.81059922069496
na12878-m1h3h5-1-10-bst-single-f5-r4-c2_S23_.trimmed.mdup.bam	5383759.77177223	0.0123355958785637	0.321979211874921	7.70664911697765
na12878-m1h3h5-1-10-bst-single-f5-r4-c3_S24_.trimmed.mdup.bam	4388953.77743227	0.0107257516625641	0.309053594345196	7.81316107262674
na12878-m1h3h5-1-10-bst-single-f5-r4-c4_S25_.trimmed.mdup.bam	8238829.68481885	0.0883496831484445	0.282285966757906	7.81386479039303
na12878-m1h3h5-1-10-bst-single-f5-r4-c5_S26_.trimmed.mdup.bam	75676.5509920457	0.000256634552981668	0.910777385159011	7.40352749500723
na12878-m1h3h5-1-10-bst-single-f5-r4-c6_S27_.trimmed.mdup.bam	5201993.79821814	0.0306669323056738	0.264856656183954	7.85150119730853
na12878-m1h3h5-1-10-bst-single-f5-r4-c7_S28_.trimmed.mdup.bam	873883.378341064	0.000289914173669283	0.791573130720083	7.59529858638728
na12878-m1h3h5-1-10-bst-single-f5-r5-c3_S31_.trimmed.mdup.bam	12075898.1877569	0.0317968997202472	0.255698298023605	7.85503222465771
na12878-m1h3h5-1-10-bst-single-f5-r5-c4_S32_.trimmed.mdup.bam	8155855.90362497	0.0705435353824232	0.306715929475656	7.80799871109985
na12878-m1h3h5-1-10-bst-single-f5-r5-c5_S33_.trimmed.mdup.bam	9200190.27942438	0.0240319897066438	0.366179066148213	7.71873206383622
na12878-m1h3h5-1-10-bst-single-f5-r5-c6_S34_.trimmed.mdup.bam	8183876.82179023	0.019441305372636	0.314286352081746	7.78796240775239
na12878-m1h3h5-1-10-bst-single-f5-r5-c7_S35_.trimmed.mdup.bam	7801528.78786512	0.013750782630215	0.3237320095436	7.78878089042954
na12878-m1h3h5-1-10-bst-single-f5-r6-c1_S36_.trimmed.mdup.bam	6604125.36740694	0.010491422683307	0.29298006859737	7.83430358361761
na12878-m1h3h5-1-10-bst-single-f5-r6-c3_S38_.trimmed.mdup.bam	10357288.8376142	0.05182119733072	0.26624279203574	7.84265347131971
na12878-m1h3h5-1-10-bst-single-f5-r6-c4_S39_.trimmed.mdup.bam	9930984.96049022	0.0216634150182239	0.249506509113752	7.86539061634862
na12878-m1h3h5-1-10-bst-single-f5-r6-c5_S40_.trimmed.mdup.bam	12770372.4919359	0.0271234422988997	0.267297090216486	7.84403818747619
na12878-m1h3h5-1-10-bst-single-f5-r6-c6_S41_.trimmed.mdup.bam	8166606.04849064	0.0117197112898209	0.274703601404686	7.85992053180401
na12878-m1h3h5-1-10-bst-single-f5-r7-c1_S43_.trimmed.mdup.bam	9816439.45717033	0.0590755870119185	0.245241915907149	7.86419659263422
na12878-m1h3h5-1-10-bst-single-f5-r7-c2_S44_.trimmed.mdup.bam	1340397.3946339	0.000402431264016695	0.680669144981413	7.68771480235697
na12878-m1h3h5-1-10-bst-single-f5-r7-c3_S45_.trimmed.mdup.bam	1644420.29158815	0.00482023137335312	0.298942809833142	7.86791503665773
na12878-m1h3h5-1-10-bst-single-f5-r7-c4_S46_.trimmed.mdup.bam	9331135.66573467	0.0874723247534709	0.232209600732091	7.8730262062615
na12878-m1h3h5-1-10-bst-single-f5-r7-c5_S47_.trimmed.mdup.bam	7512786.68275873	0.0450520340195611	0.321297259655042	7.79320822404429
na12878-m1h3h5-1-10-bst-single-f5-r7-c6_S48_.trimmed.mdup.bam	4199180.50936665	0.00313955532001839	0.399376025738938	7.77929115904191
na12878-m1h3h5-1-10-taq-single-f9-r1-c1_S197_.trimmed.mdup.bam	9629404.23306546	0.0553981719262183	0.28519070298639	7.82101786529435
na12878-m1h3h5-1-10-taq-single-f9-r1-c2_S198_.trimmed.mdup.bam	9018896.96112654	0.048807673067884	0.234157660331061	7.8700572937704
na12878-m1h3h5-1-10-taq-single-f9-r1-c3_S199_.trimmed.mdup.bam	6706233.63136781	0.0294978985661764	0.360514439983662	7.73310391783447
na12878-m1h3h5-1-10-taq-single-f9-r1-c4_S200_.trimmed.mdup.bam	10957853.9927642	0.0418747707330917	0.239192305636897	7.86928258517376
na12878-m1h3h5-1-10-taq-single-f9-r1-c5_S201_.trimmed.mdup.bam	9870845.49614404	0.0196058564971157	0.265769104982012	7.86195323493581
na12878-m1h3h5-1-10-taq-single-f9-r1-c6_S202_.trimmed.mdup.bam	10999927.2893488	0.026709133574299	0.257037131970763	7.84635149399212
na12878-m1h3h5-1-10-taq-single-f9-r1-c7_S203_.trimmed.mdup.bam	5734282.38701223	0.00407644511076549	0.318685422631644	7.83906598990969
na12878-m1h3h5-1-10-taq-single-f9-r2-c1_S204_.trimmed.mdup.bam	3864148.4533665	0.00242783506010717	0.357502034343898	7.82371083941425
na12878-m1h3h5-1-10-taq-single-f9-r2-c2_S205_.trimmed.mdup.bam	6783849.95958579	0.00999790206957557	0.285754768964341	7.83765524638241
na12878-m1h3h5-1-10-taq-single-f9-r2-c3_S206_.trimmed.mdup.bam	8925588.59463759	0.0230153129505685	0.369626540239309	7.72931731539464
na12878-m1h3h5-1-10-taq-single-f9-r2-c4_S207_.trimmed.mdup.bam	8481318.56761222	0.00959647492227519	0.285484495707	7.83954965272594
na12878-m1h3h5-1-10-taq-single-f9-r2-c5_S208_.trimmed.mdup.bam	9456937.99417452	0.0218637633407757	0.256453907728853	7.85856194037905
na12878-m1h3h5-1-10-taq-single-f9-r2-c6_S209_.trimmed.mdup.bam	11556247.5892001	0.0404863444528699	0.231884766921644	7.88147273673645
na12878-m1h3h5-1-10-taq-single-f9-r2-c7_S210_.trimmed.mdup.bam	4208883.32381133	0.0021606911191395	0.357418874249267	7.85857447910889
na12878-m1h3h5-1-10-taq-single-f9-r3-c2_S212_.trimmed.mdup.bam	7739608.9104639	0.0125155973187864	0.267003250745313	7.870974832885
na12878-m1h3h5-1-10-taq-single-f9-r3-c3_S213_.trimmed.mdup.bam	595455.54023377	0.000165241151155786	1.00390625	7.30550256677014
na12878-m1h3h5-1-10-taq-single-f9-r3-c4_S214_.trimmed.mdup.bam	7075258.95131419	0.0202580019714953	0.356531681857473	7.74356965477876
na12878-m1h3h5-1-10-taq-single-f9-r3-c5_S215_.trimmed.mdup.bam	5027668.905912	0.00480080765669894	0.392780794390525	7.73875197565008
na12878-m1h3h5-1-10-taq-single-f9-r3-c6_S216_.trimmed.mdup.bam	8671547.71089483	0.0341245831234679	0.229450329491241	7.88476535644806
na12878-m1h3h5-1-10-taq-single-f9-r3-c7_S217_.trimmed.mdup.bam	5653265.73567047	0.00615858295844628	0.271344352478469	7.8789830291046
na12878-m1h3h5-1-10-taq-single-f9-r4-c1_S218_.trimmed.mdup.bam	8325399.87019107	0.0106821358891189	0.288788304559841	7.83860556179064
na12878-m1h3h5-1-10-taq-single-f9-r4-c2_S219_.trimmed.mdup.bam	4095128.70332148	0.0031679293076031	0.398108838286376	7.76956676051978
na12878-m1h3h5-1-10-taq-single-f9-r4-c3_S220_.trimmed.mdup.bam	1607222.42174209	0.000393510783069371	0.715134656720192	7.59792456885701
na12878-m1h3h5-1-10-taq-single-f9-r4-c4_S221_.trimmed.mdup.bam	10076974.6110389	0.0346346698820956	0.239416363778992	7.87407388926262
na12878-m1h3h5-1-10-taq-single-f9-r4-c5_S222_.trimmed.mdup.bam	8971354.50613232	0.0142771638620443	0.244169499273722	7.88365818636739
na12878-m1h3h5-1-10-taq-single-f9-r4-c6_S223_.trimmed.mdup.bam	9548194.35041739	0.0316444598429587	0.246727299252412	7.86214499406122
na12878-m1h3h5-1-10-taq-single-f9-r4-c7_S224_.trimmed.mdup.bam	1812118.970732	0.000516751619760152	0.606233114627557	7.72619253514428
na12878-m1h3h5-1-10-taq-single-f9-r5-c3_S227_.trimmed.mdup.bam	523682.409884717	0.000160919984571081	1.01021355617456	7.2426689926904
na12878-m1h3h5-1-10-taq-single-f9-r5-c4_S228_.trimmed.mdup.bam	7824051.56424392	0.0460416932036997	0.281233520238492	7.83146012437834
na12878-m1h3h5-1-10-taq-single-f9-r5-c5_S229_.trimmed.mdup.bam	6797263.82687925	0.0325773665186696	0.237573124829596	7.87582644058083
na12878-m1h3h5-1-10-taq-single-f9-r5-c6_S230_.trimmed.mdup.bam	586193.408209228	0.000142017916427046	1.01642782243971	7.34995347943395
na12878-m1h3h5-1-10-taq-single-f9-r6-c1_S232_.trimmed.mdup.bam	9063823.7123349	0.0309473758551191	0.258462324766355	7.85552494532619
na12878-m1h3h5-1-10-taq-single-f9-r7-c1_S239_.trimmed.mdup.bam	8887179.40102407	0.0481846453592566	0.262005149438524	7.84511919665052
na12878-m1h3h5-1-10-taq-single-f9-r7-c3_S241_.trimmed.mdup.bam	1805437.58504012	0.00106582634270389	0.467481407796883	7.81273951752986
na12878-m1h3h5-1-10-taq-single-f9-r7-c4_S242_.trimmed.mdup.bam	10601407.1902171	0.055124057129182	0.232093513113469	7.87696009307394
na12878-m1h3h5-1-30-bst-single-f6-r1-c1_S50_.trimmed.mdup.bam	1271964.97965789	0.000451861912660736	0.64081316981549	7.68299049082447
na12878-m1h3h5-1-30-bst-single-f6-r1-c2_S51_.trimmed.mdup.bam	1416930.52880581	0.000472482733313697	0.662827557058326	7.5430191401416
na12878-m1h3h5-1-30-bst-single-f6-r1-c4_S53_.trimmed.mdup.bam	5987211.45621373	0.00869528713117563	0.336884369267905	7.73390418969229
na12878-m1h3h5-1-30-bst-single-f6-r1-c5_S54_.trimmed.mdup.bam	577411.607606625	0.000160552790647735	0.969631901840491	7.24058195194502
na12878-m1h3h5-1-30-bst-single-f6-r1-c6_S55_.trimmed.mdup.bam	6128692.50154591	0.0111245479010222	0.365414840526308	7.71971476007814
na12878-m1h3h5-1-30-bst-single-f6-r1-c7_S56_.trimmed.mdup.bam	1253189.06574461	0.000329638144852874	0.74969806763285	7.52891085858094
na12878-m1h3h5-1-30-bst-single-f6-r2-c1_S57_.trimmed.mdup.bam	1101428.14248277	0.000486460387713244	0.653142974527527	7.5618481958074
na12878-m1h3h5-1-30-bst-single-f6-r2-c3_S59_.trimmed.mdup.bam	5730683.9480245	0.00732739521589468	0.324864037469933	7.79715406803927
na12878-m1h3h5-1-30-bst-single-f6-r2-c4_S60_.trimmed.mdup.bam	3360675.93389053	0.00394698496747355	0.373669555260624	7.66355096742966
na12878-m1h3h5-1-30-bst-single-f6-r3-c1_S64_.trimmed.mdup.bam	4092400.75899763	0.00304002439571666	0.4262050715171	7.73947048290011
na12878-m1h3h5-1-30-bst-single-f6-r3-c2_S65_.trimmed.mdup.bam	882186.98811577	0.000312130053640061	0.769551951180344	7.56995381015209
na12878-m1h3h5-1-30-bst-single-f6-r4-c1_S71_.trimmed.mdup.bam	6824387.81999567	0.00702234093087275	0.349389880303096	7.78729687639862
na12878-m1h3h5-1-30-bst-single-f6-r4-c2_S72_.trimmed.mdup.bam	2091437.411794	0.000515580420094593	0.640344168260038	7.66693569661535
na12878-m1h3h5-1-30-bst-single-f6-r4-c3_S73_.trimmed.mdup.bam	972938.391109716	0.000788747442339303	0.597273373392776	7.58462268707215
na12878-m1h3h5-1-30-bst-single-f6-r5-c1_S78_.trimmed.mdup.bam	801800.088153407	0.000219616289402558	0.888460666515529	7.47330062949736
na12878-m1h3h5-1-30-bst-single-f6-r5-c2_S79_.trimmed.mdup.bam	811885.635612318	0.000358656502726348	0.734911076879989	7.60515491107482
na12878-m1h3h5-1-30-bst-single-f6-r5-c3_S80_.trimmed.mdup.bam	7412948.71700219	0.024580691083385	0.387797311271975	7.69020540498857
na12878-m1h3h5-1-30-bst-single-f6-r5-c4_S81_.trimmed.mdup.bam	7772822.7361726	0.0200900787504391	0.286640200482704	7.82285026967757
na12878-m1h3h5-1-30-bst-single-f6-r5-c6_S83_.trimmed.mdup.bam	724754.998800542	0.000174353647973079	0.957380750776178	7.33720037353775
na12878-m1h3h5-1-30-bst-single-f6-r5-c7_S84_.trimmed.mdup.bam	574713.816454907	0.000149482250043428	1.02464202464202	7.31235632355371
na12878-m1h3h5-1-30-bst-single-f6-r6-c1_S85_.trimmed.mdup.bam	7507320.20781	0.0105947087645127	0.310172105662595	7.8132619219068
na12878-m1h3h5-1-30-bst-single-f6-r6-c2_S86_.trimmed.mdup.bam	1989151.84500176	0.000963810221434188	0.494173343044428	7.77551253796866
na12878-m1h3h5-1-30-bst-single-f6-r6-c3_S87_.trimmed.mdup.bam	4457791.8715696	0.00211259001039781	0.419485215911508	7.76627266445075
na12878-m1h3h5-1-30-bst-single-f6-r6-c4_S88_.trimmed.mdup.bam	2601801.82292323	0.00164836072145111	0.438701959942337	7.77258213271959
na12878-m1h3h5-1-30-bst-single-f6-r6-c5_S89_.trimmed.mdup.bam	4850989.29963007	0.00291319937072119	0.41090395772005	7.74165936723925
na12878-m1h3h5-1-30-bst-single-f6-r7-c1_S92_.trimmed.mdup.bam	8120837.51711666	0.0140582068379221	0.289775667709201	7.83551188224415
na12878-m1h3h5-1-30-bst-single-f6-r7-c2_S93_.trimmed.mdup.bam	6507374.4829309	0.00692138591585243	0.389866197755432	7.74098164242367
na12878-m1h3h5-1-30-bst-single-f6-r7-c3_S94_.trimmed.mdup.bam	6632986.78766914	0.00724713841072281	0.351763227737309	7.76559164451272
na12878-m1h3h5-1-30-bst-single-f6-r7-c4_S95_.trimmed.mdup.bam	6851213.74917011	0.0111499480711537	0.328122133094964	7.78560506839613
na12878-m1h3h5-1-30-bst-single-f6-r7-c5_S96_.trimmed.mdup.bam	5165523.12282465	0.00892024197984998	0.411358801657032	7.69037279603343
na12878-m1h3h5-1-30-bst-single-f6-r7-c6_S97_.trimmed.mdup.bam	4976935.10575514	0.00802106404120386	0.414441470261801	7.69170445476867
na12878-m1h3h5-1-30-taq-single-f10-r1-c1_S246_.trimmed.mdup.bam	5125598.72309111	0.0368229018407027	0.35237838352426	7.76147667954466
na12878-m1h3h5-1-30-taq-single-f10-r1-c2_S247_.trimmed.mdup.bam	5570432.12879345	0.0535348460383937	0.270891025666277	7.83085646888038
na12878-m1h3h5-1-30-taq-single-f10-r1-c3_S248_.trimmed.mdup.bam	1964206.37728302	0.00135981041092568	0.449680958244711	7.80303627576184
na12878-m1h3h5-1-30-taq-single-f10-r1-c4_S249_.trimmed.mdup.bam	5993631.30392537	0.0532291412308039	0.255994319170351	7.86114857196085
na12878-m1h3h5-1-30-taq-single-f10-r1-c5_S250_.trimmed.mdup.bam	5812113.51588477	0.020160477013997	0.283177664860236	7.83390987139849
na12878-m1h3h5-1-30-taq-single-f10-r1-c6_S251_.trimmed.mdup.bam	5563159.46973404	0.0547687319237074	0.378614398626141	7.70576742666495
na12878-m1h3h5-1-30-taq-single-f10-r1-c7_S252_.trimmed.mdup.bam	1406846.69203538	0.00062995420352531	0.640348772098232	7.58958133618741
na12878-m1h3h5-1-30-taq-single-f10-r2-c1_S253_.trimmed.mdup.bam	5795409.240722	0.0174890784036451	0.337928901050188	7.79990803794081
na12878-m1h3h5-1-30-taq-single-f10-r2-c2_S254_.trimmed.mdup.bam	6666218.47920973	0.0068276718095745	0.347901070928288	7.80125626511394
na12878-m1h3h5-1-30-taq-single-f10-r2-c3_S255_.trimmed.mdup.bam	5211447.31529348	0.0248474992394334	0.361203074619991	7.72299247514167
na12878-m1h3h5-1-30-taq-single-f10-r2-c4_S256_.trimmed.mdup.bam	7679056.05953387	0.0171495256990577	0.353973909454909	7.77534557006607
na12878-m1h3h5-1-30-taq-single-f10-r2-c5_S257_.trimmed.mdup.bam	6206722.34373215	0.0285036637053792	0.344301355166807	7.7640361231421
na12878-m1h3h5-1-30-taq-single-f10-r2-c6_S258_.trimmed.mdup.bam	7096384.96961055	0.0597348066358953	0.269441555347014	7.83836982760642
na12878-m1h3h5-1-30-taq-single-f10-r2-c7_S259_.trimmed.mdup.bam	2284392.88104603	0.00348023907255485	0.356016823504493	7.82902710713139
na12878-m1h3h5-1-30-taq-single-f10-r3-c1_S260_.trimmed.mdup.bam	4336518.52264119	0.00653869051570518	0.299280992134344	7.87103264014113
na12878-m1h3h5-1-30-taq-single-f10-r3-c2_S261_.trimmed.mdup.bam	4691635.07448267	0.00952828241269065	0.287557733468514	7.87423575359967
na12878-m1h3h5-1-30-taq-single-f10-r3-c3_S262_.trimmed.mdup.bam	1427508.33933143	0.000875753945334942	0.519328409877683	7.7736658177227
na12878-m1h3h5-1-30-taq-single-f10-r3-c4_S263_.trimmed.mdup.bam	5314699.98759424	0.00804775262810866	0.288751875774777	7.86035108558537
na12878-m1h3h5-1-30-taq-single-f10-r3-c5_S264_.trimmed.mdup.bam	5993910.8952375	0.0478392758366454	0.342303658788288	7.75154564662779
na12878-m1h3h5-1-30-taq-single-f10-r4-c1_S267_.trimmed.mdup.bam	3066557.32541383	0.00821807426661657	0.321511748874108	7.8244674515611
na12878-m1h3h5-1-30-taq-single-f10-r4-c2_S268_.trimmed.mdup.bam	2927827.09008649	0.00618656935244524	0.329260226283725	7.82463232387011
na12878-m1h3h5-1-30-taq-single-f10-r4-c3_S269_.trimmed.mdup.bam	2729612.12438913	0.00171865569148034	0.414769539669885	7.81154460116193
na12878-m1h3h5-1-30-taq-single-f10-r4-c4_S270_.trimmed.mdup.bam	5360791.66448858	0.0439080565701717	0.351544683634852	7.75404172175392
na12878-m1h3h5-1-30-taq-single-f10-r4-c5_S271_.trimmed.mdup.bam	6312654.69973579	0.0157023396483881	0.352968192224457	7.7905742063922
na12878-m1h3h5-1-30-taq-single-f10-r4-c6_S272_.trimmed.mdup.bam	5685896.35050735	0.0101035936919246	0.306435669593564	7.82682373671762
na12878-m1h3h5-1-30-taq-single-f10-r4-c7_S273_.trimmed.mdup.bam	1465670.82369235	0.000537353335967366	0.632554241549492	7.68478514891188
na12878-m1h3h5-1-30-taq-single-f10-r5-c1_S274_.trimmed.mdup.bam	905190.487364159	0.000290161883855668	0.783051432516396	7.52471439530769
na12878-m1h3h5-1-30-taq-single-f10-r5-c2_S275_.trimmed.mdup.bam	4600858.21710833	0.00670857242815674	0.394319398947689	7.765200309022
na12878-m1h3h5-1-30-taq-single-f10-r5-c3_S276_.trimmed.mdup.bam	4146503.95536196	0.00358404971650814	0.419119014578177	7.75928012023238
na12878-m1h3h5-1-30-taq-single-f10-r5-c4_S277_.trimmed.mdup.bam	3753118.55234719	0.0320512521014724	0.28330441099318	7.83931272611361
na12878-m1h3h5-1-30-taq-single-f10-r6-c2_S282_.trimmed.mdup.bam	1465660.31235925	0.000718441786772612	0.594931391767012	7.70552150143153
na12878-m1h3h5-1-30-taq-single-f10-r6-c4_S284_.trimmed.mdup.bam	990153.641139257	0.000360701973637969	0.738399555432064	7.63555527915317
na12878-m1h3h5-1-30-taq-single-f10-r6-c6_S286_.trimmed.mdup.bam	1673815.78218154	0.000928738344692144	0.512540122953049	7.73368292414833
na12878-m1h3h5-1-30-taq-single-f10-r7-c1_S288_.trimmed.mdup.bam	5347094.27262732	0.0555042213521699	0.238513478486262	7.87907285757144
na12878-m1h3h5-1-30-taq-single-f10-r7-c2_S289_.trimmed.mdup.bam	2279527.48394656	0.0035668285157857	0.436819799465438	7.64089610652861
na12878-m1h3h5-1-30-taq-single-f10-r7-c3_S290_.trimmed.mdup.bam	3492706.59627077	0.0238957759798781	0.433805326458162	7.59340601872295
na12878-m1h3h5-1-30-taq-single-f10-r7-c5_S292_.trimmed.mdup.bam	6024520.55904954	0.00985613412996407	0.297392730078443	7.84057697510216
na12878-m1h3h5-1-30-taq-single-f10-r7-c6_S293_.trimmed.mdup.bam	3813837.23960923	0.00235483600149428	0.388997277190575	7.8149599692948
