file	complexity	coverage	spikiness	entropy
Undetermined_S0_.trimmed.mdup.bam	469337374.451659	0.128832931709691	0.112396873216346	7.94594936478124
aaa-0042-negctrl-f5-r7-c7_S98_.trimmed.mdup.bam	518732.328036265	0.000132545025573876	1.07049118860142	7.34691993052152
aaa-0042-negctrl-f7-r7-c7_S196_.trimmed.mdup.bam	2386434.70089537	0.000497618679246323	0.606293706293706	7.78362927680938
aaa-0042-single-f5-r1-c1_S50_.trimmed.mdup.bam	19846974.2285258	0.0237750896342467	0.182206301662133	7.93567928691312
aaa-0042-single-f5-r1-c2_S51_.trimmed.mdup.bam	2189370.8695177	0.00467379288246265	0.280810641145605	7.88316731731714
aaa-0042-single-f5-r1-c3_S52_.trimmed.mdup.bam	664775.996423238	0.00130169468696242	0.488635424415241	7.69980132934962
aaa-0042-single-f5-r1-c4_S53_.trimmed.mdup.bam	793119.949923829	0.00165028379438828	0.455689134147944	7.77773096526017
aaa-0042-single-f5-r1-c5_S54_.trimmed.mdup.bam	7914728.1710508	0.0132638556406997	0.232621218052682	7.5811332583748
aaa-0042-single-f5-r1-c6_S55_.trimmed.mdup.bam	17528413.8716854	0.0231100998200458	0.130725475147849	7.94634164519069
aaa-0042-single-f5-r1-c7_S56_.trimmed.mdup.bam	18426964.1494024	0.0256522338648215	0.225875179076516	7.91087817304206
aaa-0042-single-f5-r2-c1_S57_.trimmed.mdup.bam	18112878.3846049	0.0190120899994858	0.247462214592368	7.90313764209045
aaa-0042-single-f5-r2-c2_S58_.trimmed.mdup.bam	14862760.2221676	0.00995866024279398	0.172843840635018	7.94306148702723
aaa-0042-single-f5-r2-c3_S59_.trimmed.mdup.bam	11433221.6000582	0.0158865502189543	0.147586106986346	7.75119524448968
aaa-0042-single-f5-r2-c4_S60_.trimmed.mdup.bam	13287557.9974352	0.0172431675970068	0.185150974550306	7.80545072454259
aaa-0042-single-f5-r2-c5_S61_.trimmed.mdup.bam	16362104.8217058	0.015120730701945	0.146528020288391	7.94567693576476
aaa-0042-single-f5-r2-c6_S62_.trimmed.mdup.bam	8557019.54736358	0.0162171358147945	0.151438803843845	7.58690777379276
aaa-0042-single-f5-r2-c7_S63_.trimmed.mdup.bam	11910870.9609504	0.0142222168856418	0.224694546900595	7.78159815190067
aaa-0042-single-f5-r3-c1_S64_.trimmed.mdup.bam	5111548.02930603	0.0037584603540143	0.227101121771018	7.56367420088545
aaa-0042-single-f5-r3-c2_S65_.trimmed.mdup.bam	16723662.0622346	0.0135093759395147	0.15177469339685	7.94607949712984
aaa-0042-single-f5-r3-c3_S66_.trimmed.mdup.bam	3632858.2858302	0.00109634715190393	0.432223082881487	7.84908092711553
aaa-0042-single-f5-r3-c4_S67_.trimmed.mdup.bam	8493393.73396571	0.00814180025267676	0.186031249211197	7.65767834790406
aaa-0042-single-f5-r3-c5_S68_.trimmed.mdup.bam	19512747.2976365	0.0225060969013411	0.134571314958983	7.94856006729042
aaa-0042-single-f5-r3-c6_S69_.trimmed.mdup.bam	15983041.5957349	0.0164788948924948	0.244331381696359	7.91263539201102
aaa-0042-single-f5-r3-c7_S70_.trimmed.mdup.bam	16509649.1922878	0.0129579053895526	0.157551873578167	7.94608823692059
aaa-0042-single-f5-r4-c1_S71_.trimmed.mdup.bam	15084306.744352	0.0133291067132475	0.148594423773265	7.94550940809027
aaa-0042-single-f5-r4-c2_S72_.trimmed.mdup.bam	14603852.4503598	0.0104881030430053	0.165856828343371	7.94375076956918
aaa-0042-single-f5-r4-c3_S73_.trimmed.mdup.bam	8980647.05264476	0.00897640743132619	0.177364739046484	7.7456394584748
aaa-0042-single-f5-r4-c4_S74_.trimmed.mdup.bam	13861973.7869488	0.0199060517768345	0.310638992525033	7.74645444762904
aaa-0042-single-f5-r4-c5_S75_.trimmed.mdup.bam	12464366.1270211	0.0175606766854393	0.169386106864314	7.82102032094978
aaa-0042-single-f5-r4-c6_S76_.trimmed.mdup.bam	16386956.5743988	0.0105981103272682	0.177097559810897	7.93936750793563
aaa-0042-single-f5-r4-c7_S77_.trimmed.mdup.bam	8228002.51618766	0.00645059376408529	0.202675294953242	7.76166468095894
aaa-0042-single-f5-r5-c1_S78_.trimmed.mdup.bam	812008.862986168	0.000219622117877532	0.819813678709384	7.4178192396171
aaa-0042-single-f5-r5-c2_S79_.trimmed.mdup.bam	14142610.9516362	0.00788081571453968	0.189495860200939	7.93674075316372
aaa-0042-single-f5-r5-c3_S80_.trimmed.mdup.bam	18277706.6240956	0.020638585520877	0.134869772615671	7.94558392206342
aaa-0042-single-f5-r5-c4_S81_.trimmed.mdup.bam	19495964.7122316	0.0241083757568248	0.139275868010683	7.94480704939214
aaa-0042-single-f5-r5-c5_S82_.trimmed.mdup.bam	17882640.2812742	0.017983954137808	0.167527284690535	7.94110528439821
aaa-0042-single-f5-r5-c6_S83_.trimmed.mdup.bam	8644886.288426	0.00505546894709782	0.223035978708929	7.93562603915687
aaa-0042-single-f5-r5-c7_S84_.trimmed.mdup.bam	17100557.3352969	0.0155723011908571	0.146515718464255	7.94651405755707
aaa-0042-single-f5-r6-c1_S85_.trimmed.mdup.bam	593204.693711263	0.000167302812275668	0.996141288216088	7.45570815386655
aaa-0042-single-f5-r6-c2_S86_.trimmed.mdup.bam	26695181.8479256	0.0232896884099578	0.148538574217678	7.94391462320594
aaa-0042-single-f5-r6-c3_S87_.trimmed.mdup.bam	14534981.557786	0.0217675675993756	0.209026850740972	7.75090466906831
aaa-0042-single-f5-r6-c4_S88_.trimmed.mdup.bam	14854998.9820528	0.00980474284709969	0.268007877719597	7.8942953816433
aaa-0042-single-f5-r6-c5_S89_.trimmed.mdup.bam	9305587.69031842	0.0115885939168114	0.161921931618412	7.72443024822858
aaa-0042-single-f5-r6-c6_S90_.trimmed.mdup.bam	8019769.75313466	0.00373766111726631	0.296539564181595	7.87208940466808
aaa-0042-single-f5-r6-c7_S91_.trimmed.mdup.bam	17791588.8711168	0.0175148619579082	0.139419423179059	7.94716679494911
aaa-0042-single-f5-r7-c1_S92_.trimmed.mdup.bam	18299249.7192819	0.0200702658211783	0.219121764595476	7.89418805788596
aaa-0042-single-f5-r7-c2_S93_.trimmed.mdup.bam	10958995.2776002	0.0130314963621795	0.285152632755373	7.82874238920006
aaa-0042-single-f5-r7-c3_S94_.trimmed.mdup.bam	15242665.5390714	0.0113740959998483	0.17631544833197	7.94211392450416
aaa-0042-single-f5-r7-c4_S95_.trimmed.mdup.bam	14166714.2936583	0.0181402217041333	0.200741543649565	7.90146424859583
aaa-0042-single-f5-r7-c5_S96_.trimmed.mdup.bam	18820077.3965584	0.01594688562047	0.143148157638497	7.94677017622201
aaa-0042-single-f5-r7-c6_S97_.trimmed.mdup.bam	15193998.7150193	0.0196481207119754	0.184942960127829	7.934734037494
aaa-0042-single-f6-r1-c1_S99_.trimmed.mdup.bam	11786387.548623	0.00620802105458612	0.200280896595955	7.94002519675364
aaa-0042-single-f6-r1-c2_S100_.trimmed.mdup.bam	9627626.02591874	0.00761264693338913	0.205482109883052	7.74419186908045
aaa-0042-single-f6-r1-c3_S101_.trimmed.mdup.bam	13130016.0610204	0.00727212411152278	0.237934530505673	7.90988222031696
aaa-0042-single-f6-r1-c4_S102_.trimmed.mdup.bam	12793296.8614869	0.00786582163886555	0.185508160428358	7.940532549863
aaa-0042-single-f6-r1-c5_S103_.trimmed.mdup.bam	12469064.007046	0.00714836583577599	0.269242182311464	7.90637861074658
aaa-0042-single-f6-r1-c6_S104_.trimmed.mdup.bam	10334122.7549432	0.00694836948835174	0.313638421875228	7.82645394802983
aaa-0042-single-f6-r1-c7_S105_.trimmed.mdup.bam	7097159.4378042	0.0062545122090184	0.197771268675034	7.66573099707572
aaa-0042-single-f6-r2-c1_S106_.trimmed.mdup.bam	13976633.5415384	0.00685927056284052	0.193739505349064	7.934618444741
aaa-0042-single-f6-r2-c2_S107_.trimmed.mdup.bam	7038461.31255129	0.00285990444316955	0.281785676727311	7.92210534730341
aaa-0042-single-f6-r2-c3_S108_.trimmed.mdup.bam	11043594.4807035	0.00446503860378201	0.29736797800101	7.8962275588771
aaa-0042-single-f6-r2-c5_S110_.trimmed.mdup.bam	10992194.1046051	0.00538169063420359	0.279101715823708	7.85768104667796
aaa-0042-single-f6-r2-c6_S111_.trimmed.mdup.bam	6768468.37641164	0.00645550263522985	0.212709093946119	7.64977166697187
aaa-0042-single-f6-r2-c7_S112_.trimmed.mdup.bam	11898306.9917479	0.00586101923517812	0.2479841306644	7.92295911596072
aaa-0042-single-f6-r3-c1_S113_.trimmed.mdup.bam	9182013.39296707	0.00411963799597096	0.237269957343083	7.93085534096278
aaa-0042-single-f6-r3-c2_S114_.trimmed.mdup.bam	9952938.69148819	0.00390190398018076	0.305283707071485	7.88040283968059
aaa-0042-single-f6-r3-c4_S116_.trimmed.mdup.bam	9059316.36420322	0.0037165847041529	0.253969537673541	7.92423592058407
aaa-0042-single-f6-r3-c5_S117_.trimmed.mdup.bam	782717.731944953	0.000797714227282251	0.515301794453507	7.81034930642593
aaa-0042-single-f6-r3-c6_S118_.trimmed.mdup.bam	11763668.3982498	0.00756719972358548	0.316194804150245	7.78564999716555
aaa-0042-single-f6-r3-c7_S119_.trimmed.mdup.bam	9816144.90751962	0.00394988560518549	0.235529271418963	7.93323084015149
aaa-0042-single-f6-r4-c1_S120_.trimmed.mdup.bam	12248200.6239781	0.00474220655029203	0.229931671049436	7.90055377996593
aaa-0042-single-f6-r4-c2_S121_.trimmed.mdup.bam	6598341.72940314	0.00438015334187265	0.245851138982501	7.59622691363836
aaa-0042-single-f6-r4-c3_S122_.trimmed.mdup.bam	10025081.2487135	0.00413523661402154	0.245585777605542	7.92622434849664
aaa-0042-single-f6-r4-c4_S123_.trimmed.mdup.bam	9549908.30489603	0.00676458763450029	0.324641950075893	7.74952941400869
aaa-0042-single-f6-r4-c5_S124_.trimmed.mdup.bam	12324035.1531648	0.00652544336350235	0.194752299250328	7.93990211934718
aaa-0042-single-f6-r4-c6_S125_.trimmed.mdup.bam	14849177.8009121	0.00505589021631676	0.21887456849227	7.93537554383613
aaa-0042-single-f6-r4-c7_S126_.trimmed.mdup.bam	8701657.25578581	0.00302513005172541	0.273662993374857	7.92638573574619
aaa-0042-single-f6-r5-c1_S127_.trimmed.mdup.bam	611971.816918103	0.000182620368310847	0.917553917553918	7.40806471557087
aaa-0042-single-f6-r5-c2_S128_.trimmed.mdup.bam	9703336.93479775	0.00611370175832342	0.2830279412984	7.84231299394273
aaa-0042-single-f6-r5-c3_S129_.trimmed.mdup.bam	11956747.2555446	0.00631209980838821	0.290793691396414	7.90083032484708
aaa-0042-single-f6-r5-c4_S130_.trimmed.mdup.bam	358024.687566778	0.000325895940115562	0.737125653620662	7.68209283722937
aaa-0042-single-f6-r5-c5_S131_.trimmed.mdup.bam	7947416.04811672	0.0047271807418097	0.26232872319959	7.78139791044009
aaa-0042-single-f6-r5-c6_S132_.trimmed.mdup.bam	9494995.81891024	0.003201405477419	0.263286909817637	7.92801754695087
aaa-0042-single-f6-r5-c7_S133_.trimmed.mdup.bam	8299087.49147676	0.00486479718821907	0.233870548749441	7.7797855955242
aaa-0042-single-f6-r6-c1_S134_.trimmed.mdup.bam	11507363.8262772	0.00471958591511474	0.238523144902598	7.9215071636343
aaa-0042-single-f6-r6-c2_S135_.trimmed.mdup.bam	10321834.4640717	0.00503711896505547	0.263680249467782	7.91592619221976
aaa-0042-single-f6-r6-c3_S136_.trimmed.mdup.bam	9142662.89444352	0.00419414047732291	0.22873040564796	7.9357754763287
aaa-0042-single-f6-r6-c4_S137_.trimmed.mdup.bam	4554441.16900965	0.00169585243075388	0.392205638474295	7.78063296474587
aaa-0042-single-f6-r6-c5_S138_.trimmed.mdup.bam	14030446.4380423	0.00497538505335017	0.262333169058706	7.90541526904267
aaa-0042-single-f6-r6-c6_S139_.trimmed.mdup.bam	2896099.11058937	0.0009653913571729	0.472586073000259	7.76466517694967
aaa-0042-single-f6-r6-c7_S140_.trimmed.mdup.bam	9546167.19327162	0.00557651064824282	0.212746646335929	7.92676901330079
aaa-0042-single-f6-r7-c1_S141_.trimmed.mdup.bam	5798602.03083802	0.00222517186157826	0.298066522444565	7.91332604441839
aaa-0042-single-f6-r7-c2_S142_.trimmed.mdup.bam	4305973.19141108	0.002933520024913	0.260132913364023	7.5079173186273
aaa-0042-single-f6-r7-c4_S144_.trimmed.mdup.bam	16936912.8378298	0.00777253527788986	0.20540425201738	7.92440460055679
aaa-0042-single-f6-r7-c5_S145_.trimmed.mdup.bam	11203442.478278	0.00514625780654726	0.228438933906082	7.9360859602567
aaa-0042-single-f6-r7-c6_S146_.trimmed.mdup.bam	14401548.7908614	0.00653963343343427	0.201446479490274	7.93834458562298
aaa-0042-single-f7-r1-c1_S148_.trimmed.mdup.bam	9998832.58272253	0.0167055477702115	0.267456550579906	7.75148818162134
aaa-0042-single-f7-r1-c2_S149_.trimmed.mdup.bam	22583883.8529778	0.0189092138543533	0.187230571431658	7.9228308196304
aaa-0042-single-f7-r1-c3_S150_.trimmed.mdup.bam	9437078.38810518	0.0108366549129522	0.26934127557045	7.7030249090915
aaa-0042-single-f7-r1-c4_S151_.trimmed.mdup.bam	10333813.8404552	0.0134118279919208	0.243113046653743	7.81142051623561
aaa-0042-single-f7-r1-c5_S152_.trimmed.mdup.bam	16571521.4438695	0.0153146003507594	0.150480156113497	7.94657215018676
aaa-0042-single-f7-r1-c7_S154_.trimmed.mdup.bam	14782933.5017002	0.0142642278856442	0.243706858992593	7.91285608715712
aaa-0042-single-f7-r2-c1_S155_.trimmed.mdup.bam	15493098.4052934	0.0128993139972707	0.158809257111645	7.94494416483139
aaa-0042-single-f7-r2-c2_S156_.trimmed.mdup.bam	9237802.61283758	0.00355651438171132	0.287358426776357	7.88948831809657
aaa-0042-single-f7-r2-c3_S157_.trimmed.mdup.bam	16990236.3521039	0.0139493956862455	0.190366838286918	7.92733003136962
aaa-0042-single-f7-r2-c4_S158_.trimmed.mdup.bam	14755509.5708895	0.012464233559276	0.211501518758723	7.92881038421109
aaa-0042-single-f7-r2-c5_S159_.trimmed.mdup.bam	15957991.6366921	0.0136552351447537	0.154857530173495	7.94265318138232
aaa-0042-single-f7-r2-c6_S160_.trimmed.mdup.bam	16689922.7011458	0.0165821246317757	0.143859485939292	7.94778469353921
aaa-0042-single-f7-r2-c7_S161_.trimmed.mdup.bam	11436433.6893688	0.0118062343531979	0.2802670331828	7.82871541549958
aaa-0042-single-f7-r3-c1_S162_.trimmed.mdup.bam	12146471.2564908	0.0069768788260775	0.195613755540748	7.93873459109334
aaa-0042-single-f7-r3-c2_S163_.trimmed.mdup.bam	13779809.8755054	0.00926649807826551	0.168618177239858	7.93603465842109
aaa-0042-single-f7-r3-c3_S164_.trimmed.mdup.bam	4339002.5437409	0.00168655568936658	0.403846725526918	7.85540435942805
aaa-0042-single-f7-r3-c4_S165_.trimmed.mdup.bam	10829808.5101868	0.00646014954880475	0.202508062748536	7.93853319412016
aaa-0042-single-f7-r3-c5_S166_.trimmed.mdup.bam	16746245.640733	0.0210283375851967	0.236374915658065	7.9061536770597
aaa-0042-single-f7-r3-c6_S167_.trimmed.mdup.bam	19473769.0538647	0.0132616550675929	0.16886796781792	7.92999626062657
aaa-0042-single-f7-r3-c7_S168_.trimmed.mdup.bam	7805725.27852707	0.00614995454885598	0.224963510913554	7.82548371130532
aaa-0042-single-f7-r4-c1_S169_.trimmed.mdup.bam	17624612.7573379	0.0100103682061319	0.174497355030988	7.94170934004676
aaa-0042-single-f7-r4-c2_S170_.trimmed.mdup.bam	11681446.2854366	0.00818199956837488	0.273707404878654	7.85657842187975
aaa-0042-single-f7-r4-c3_S171_.trimmed.mdup.bam	9376895.64849503	0.00719810280316032	0.183477085706604	7.77265156833379
aaa-0042-single-f7-r4-c4_S172_.trimmed.mdup.bam	16903084.4984645	0.0140262214624828	0.148992517088467	7.94526847668171
aaa-0042-single-f7-r4-c5_S173_.trimmed.mdup.bam	20211456.6194722	0.0149899381045133	0.201379581782463	7.91312413895826
aaa-0042-single-f7-r4-c6_S174_.trimmed.mdup.bam	7594807.92896724	0.00755530510138072	0.198383516498482	7.77685226439912
aaa-0042-single-f7-r4-c7_S175_.trimmed.mdup.bam	6904720.07341401	0.00369744366853494	0.284586758270969	7.76964904794095
aaa-0042-single-f7-r5-c1_S176_.trimmed.mdup.bam	2051788.58340138	0.000634265008376728	0.563280697619609	7.78138797300148
aaa-0042-single-f7-r5-c2_S177_.trimmed.mdup.bam	12703750.71086	0.00660764526029463	0.257148523007223	7.88969699911604
aaa-0042-single-f7-r5-c3_S178_.trimmed.mdup.bam	20926842.5389102	0.0181846437499499	0.169736157771187	7.93588413324382
aaa-0042-single-f7-r5-c4_S179_.trimmed.mdup.bam	16608868.0286837	0.0173009766784256	0.166903980315875	7.85448430298379
aaa-0042-single-f7-r5-c5_S180_.trimmed.mdup.bam	10497387.0667901	0.00419433055036789	0.238482870735614	7.93274219676533
aaa-0042-single-f7-r5-c6_S181_.trimmed.mdup.bam	12520985.9103171	0.00606653385318585	0.201264165948704	7.93889210710067
aaa-0042-single-f7-r5-c7_S182_.trimmed.mdup.bam	11191515.345419	0.00773727300429867	0.209156458925186	7.92628481022027
aaa-0042-single-f7-r6-c1_S183_.trimmed.mdup.bam	19004515.7568885	0.0150130017037885	0.199781926384869	7.91150099934338
aaa-0042-single-f7-r6-c2_S184_.trimmed.mdup.bam	14052964.472449	0.0118179754922283	0.331422593418755	7.78822872731499
aaa-0042-single-f7-r6-c3_S185_.trimmed.mdup.bam	11244741.7482184	0.0177230848739537	0.270074554988763	7.77402685777962
aaa-0042-single-f7-r6-c4_S186_.trimmed.mdup.bam	11026223.3942302	0.00620623689363582	0.277270879076197	7.9028847448899
aaa-0042-single-f7-r6-c5_S187_.trimmed.mdup.bam	21851883.7095991	0.0108958637997772	0.161744003027911	7.94377319772085
aaa-0042-single-f7-r6-c6_S188_.trimmed.mdup.bam	7000908.89002099	0.00249225687018786	0.29645760160562	7.9200113329298
aaa-0042-single-f7-r6-c7_S189_.trimmed.mdup.bam	9156966.98475606	0.00894533906928278	0.228371833834098	7.74250854059628
aaa-0042-single-f7-r7-c1_S190_.trimmed.mdup.bam	15237258.3095263	0.0122667113994781	0.164599048272136	7.9434141671247
aaa-0042-single-f7-r7-c2_S191_.trimmed.mdup.bam	14485416.1032494	0.0119739211972135	0.159438329653091	7.94427451184969
aaa-0042-single-f7-r7-c3_S192_.trimmed.mdup.bam	12467389.8029821	0.00681879180414783	0.200252876282867	7.93753828576588
aaa-0042-single-f7-r7-c4_S193_.trimmed.mdup.bam	15260832.5980825	0.0156655907898744	0.149333455976558	7.94647834964913
aaa-0042-single-f7-r7-c5_S194_.trimmed.mdup.bam	11807267.2579421	0.00986851057276666	0.24116592207146	7.77072962112621
aaa-0042-single-f7-r7-c6_S195_.trimmed.mdup.bam	16032994.7631443	0.0157826884139429	0.247622956426568	7.89216041817112
aaa-0063-fdu-negctrl-f4-r7-c7_S49_.trimmed.mdup.bam	1016335.68001783	0.00019684767572177	0.931295781763071	7.51376419678655
aaa-0063-fdu-negctrl-f8-r7-c7_S245_.trimmed.mdup.bam	730753.342643992	0.000175330565139512	0.962921030285876	7.47855672786627
aaa-0063-fdu-single-f4-r1-c1_S1_.trimmed.mdup.bam	15718384.2028613	0.0116683821773562	0.161681737720071	7.94204929319795
aaa-0063-fdu-single-f4-r1-c2_S2_.trimmed.mdup.bam	17228451.7197144	0.0124306184774733	0.159147311225679	7.94287771260933
aaa-0063-fdu-single-f4-r1-c3_S3_.trimmed.mdup.bam	14885774.5028462	0.00999844929861478	0.171920687134503	7.94048160826604
aaa-0063-fdu-single-f4-r1-c4_S4_.trimmed.mdup.bam	16791684.272826	0.0123285583188371	0.168580795480319	7.93658363092993
aaa-0063-fdu-single-f4-r1-c5_S5_.trimmed.mdup.bam	14672916.4320888	0.0100292864644842	0.186314863320557	7.93031669086194
aaa-0063-fdu-single-f4-r1-c6_S6_.trimmed.mdup.bam	15465583.6136001	0.0112463918465443	0.18013495423134	7.93482644221389
aaa-0063-fdu-single-f4-r1-c7_S7_.trimmed.mdup.bam	12954224.1866582	0.0104762514867545	0.26154768169327	7.87504151918955
aaa-0063-fdu-single-f4-r2-c1_S8_.trimmed.mdup.bam	17722477.4274927	0.0104865908775538	0.166794421223648	7.93988600919824
aaa-0063-fdu-single-f4-r2-c2_S9_.trimmed.mdup.bam	12070937.5639495	0.00593985907332304	0.205461836517149	7.93589514325673
aaa-0063-fdu-single-f4-r2-c3_S10_.trimmed.mdup.bam	14953278.3653158	0.0101639148460571	0.1715210517391	7.94138944094594
aaa-0063-fdu-single-f4-r2-c4_S11_.trimmed.mdup.bam	1706417.93853666	0.000586355267896671	0.570905062212374	7.80417139683496
aaa-0063-fdu-single-f4-r2-c5_S12_.trimmed.mdup.bam	14907469.2026511	0.0103336277327344	0.166106287212059	7.94082910972669
aaa-0063-fdu-single-f4-r2-c6_S13_.trimmed.mdup.bam	14091042.6423897	0.0113332992654654	0.16072368865186	7.94224735523846
aaa-0063-fdu-single-f4-r2-c7_S14_.trimmed.mdup.bam	12749204.2953681	0.00776594068226122	0.251007611618625	7.87531168038967
aaa-0063-fdu-single-f4-r3-c1_S15_.trimmed.mdup.bam	9868614.63212694	0.00497353613156683	0.243090566725384	7.92301274050101
aaa-0063-fdu-single-f4-r3-c2_S16_.trimmed.mdup.bam	12170840.0805438	0.00688026052024182	0.203766947599853	7.93417502801504
aaa-0063-fdu-single-f4-r3-c3_S17_.trimmed.mdup.bam	2235389.0372388	0.000744007097028304	0.50919833489996	7.84365835748884
aaa-0063-fdu-single-f4-r3-c4_S18_.trimmed.mdup.bam	11455695.1715534	0.00678982428352829	0.190002827423027	7.93299478699019
aaa-0063-fdu-single-f4-r3-c5_S19_.trimmed.mdup.bam	16644736.4415924	0.0125677323798182	0.169707002553963	7.93399086407775
aaa-0063-fdu-single-f4-r3-c6_S20_.trimmed.mdup.bam	15875552.490201	0.0108034277485393	0.174750902289869	7.93875825718446
aaa-0063-fdu-single-f4-r3-c7_S21_.trimmed.mdup.bam	11376929.4500736	0.00725156319464038	0.23408973264875	7.89661971879807
aaa-0063-fdu-single-f4-r4-c1_S22_.trimmed.mdup.bam	12334101.711045	0.00676102773150799	0.196539673787507	7.93338755439796
aaa-0063-fdu-single-f4-r4-c2_S23_.trimmed.mdup.bam	11794747.670844	0.00633512552257617	0.242687640163504	7.90019994304178
aaa-0063-fdu-single-f4-r4-c3_S24_.trimmed.mdup.bam	12522890.6914955	0.00734611822033536	0.19103517477423	7.93946413032678
aaa-0063-fdu-single-f4-r4-c4_S25_.trimmed.mdup.bam	14824152.5431691	0.0105674661486812	0.168034362147826	7.94225045894246
aaa-0063-fdu-single-f4-r4-c5_S26_.trimmed.mdup.bam	14063688.9545119	0.00945826332381017	0.168079664098068	7.93972926339504
aaa-0063-fdu-single-f4-r4-c6_S27_.trimmed.mdup.bam	11647151.1934808	0.0075134547082442	0.259115698078103	7.88723766990558
aaa-0063-fdu-single-f4-r4-c7_S28_.trimmed.mdup.bam	11040660.3785633	0.00575951083883946	0.271327863977469	7.87561422810651
aaa-0063-fdu-single-f4-r5-c1_S29_.trimmed.mdup.bam	1881961.5302178	0.000453209909400498	0.639709921986595	7.75810390140483
aaa-0063-fdu-single-f4-r5-c2_S30_.trimmed.mdup.bam	10000251.6411382	0.00515250787454411	0.221150086031597	7.93201557597709
aaa-0063-fdu-single-f4-r5-c3_S31_.trimmed.mdup.bam	13998788.2607524	0.0102186817873437	0.185742357535507	7.9234051059872
aaa-0063-fdu-single-f4-r5-c4_S32_.trimmed.mdup.bam	14609721.5185789	0.011973722381456	0.161185220565658	7.93576986854626
aaa-0063-fdu-single-f4-r5-c5_S33_.trimmed.mdup.bam	13645134.5315368	0.00771183333005908	0.191422662600296	7.93553194789741
aaa-0063-fdu-single-f4-r5-c6_S34_.trimmed.mdup.bam	7914092.73156487	0.00429847244598219	0.241106440932679	7.91911216312853
aaa-0063-fdu-single-f4-r5-c7_S35_.trimmed.mdup.bam	14235702.1236692	0.0078747800049002	0.192237770295356	7.93787792252799
aaa-0063-fdu-single-f4-r6-c1_S36_.trimmed.mdup.bam	13470141.7735474	0.00696653749245325	0.191991326346223	7.93485670089777
aaa-0063-fdu-single-f4-r6-c2_S37_.trimmed.mdup.bam	11751791.8853481	0.00790470825247791	0.184785681245824	7.93935993416378
aaa-0063-fdu-single-f4-r6-c3_S38_.trimmed.mdup.bam	11960342.6702565	0.00928696282531084	0.19493827905879	7.92563225448274
aaa-0063-fdu-single-f4-r6-c4_S39_.trimmed.mdup.bam	10908338.6321887	0.00588812909130185	0.205105611210444	7.93366485755517
aaa-0063-fdu-single-f4-r6-c5_S40_.trimmed.mdup.bam	13171030.0110558	0.00729103589379177	0.214890274538572	7.91801523049236
aaa-0063-fdu-single-f4-r6-c6_S41_.trimmed.mdup.bam	7255245.7296656	0.00214803847138399	0.312621990891347	7.91326440312671
aaa-0063-fdu-single-f4-r6-c7_S42_.trimmed.mdup.bam	14638289.2473011	0.0103603363954974	0.163431237533265	7.94148826647353
aaa-0063-fdu-single-f4-r7-c1_S43_.trimmed.mdup.bam	12792443.2962642	0.00780465438444936	0.191071174238991	7.93784937826599
aaa-0063-fdu-single-f4-r7-c2_S44_.trimmed.mdup.bam	12653176.6082243	0.00643210389864356	0.195212146325064	7.93637937302075
aaa-0063-fdu-single-f4-r7-c3_S45_.trimmed.mdup.bam	11365499.1724191	0.00516999459468202	0.227903543785023	7.9294134883305
aaa-0063-fdu-single-f4-r7-c4_S46_.trimmed.mdup.bam	21058649.4591077	0.0123468700919879	0.15284103697338	7.94163917593108
aaa-0063-fdu-single-f4-r7-c5_S47_.trimmed.mdup.bam	14684452.8549739	0.007495810619282	0.190171112364682	7.9365329092751
aaa-0063-fdu-single-f4-r7-c6_S48_.trimmed.mdup.bam	13400460.6510162	0.01038492737902	0.235259170516868	7.89444102969858
aaa-0063-fdu-single-f8-r1-c1_S197_.trimmed.mdup.bam	16040068.4734835	0.0139985630821032	0.156554515040395	7.94128495503115
aaa-0063-fdu-single-f8-r1-c2_S198_.trimmed.mdup.bam	15535221.6983831	0.0163199222661733	0.148292627412798	7.94167004406515
aaa-0063-fdu-single-f8-r1-c3_S199_.trimmed.mdup.bam	15879590.6578331	0.0158378089493779	0.224560639400903	7.88458586783137
aaa-0063-fdu-single-f8-r1-c4_S200_.trimmed.mdup.bam	22610869.365968	0.0235091039407779	0.129182681561797	7.94623322020748
aaa-0063-fdu-single-f8-r1-c5_S201_.trimmed.mdup.bam	18951669.7755844	0.0133570659076966	0.151864894053939	7.94272119980892
aaa-0063-fdu-single-f8-r1-c6_S202_.trimmed.mdup.bam	19982831.3491034	0.0195603892114538	0.135612764604987	7.94251569504951
aaa-0063-fdu-single-f8-r1-c7_S203_.trimmed.mdup.bam	12719290.5261645	0.0185922850229848	0.146360155423711	7.92759444505019
aaa-0063-fdu-single-f8-r2-c1_S204_.trimmed.mdup.bam	16087249.140865	0.0125201289580785	0.193176263564376	7.91912229529106
aaa-0063-fdu-single-f8-r2-c2_S205_.trimmed.mdup.bam	7587327.75384239	0.00350846216739857	0.296435379609855	7.89137304393241
aaa-0063-fdu-single-f8-r2-c3_S206_.trimmed.mdup.bam	15533310.2686813	0.0123734579757974	0.155145644662441	7.94160187363623
aaa-0063-fdu-single-f8-r2-c4_S207_.trimmed.mdup.bam	16402529.7006252	0.0120117998084595	0.176660358426581	7.93548518537128
aaa-0063-fdu-single-f8-r2-c5_S208_.trimmed.mdup.bam	12923509.0246241	0.0120907448829582	0.153655755839334	7.94337203184083
aaa-0063-fdu-single-f8-r2-c6_S209_.trimmed.mdup.bam	21945504.4211082	0.0250870129709838	0.164680984480326	7.93759981321006
aaa-0063-fdu-single-f8-r2-c7_S210_.trimmed.mdup.bam	15375361.2438385	0.0114704704811476	0.163059099054344	7.94140362961286
aaa-0063-fdu-single-f8-r3-c1_S211_.trimmed.mdup.bam	10218935.5568893	0.00556373495490453	0.215321981031137	7.93493970813369
aaa-0063-fdu-single-f8-r3-c2_S212_.trimmed.mdup.bam	13278459.1469725	0.00825378954223488	0.181700620234856	7.93801091747053
aaa-0063-fdu-single-f8-r3-c3_S213_.trimmed.mdup.bam	4577258.95234803	0.00170505947838741	0.347505218899768	7.90315922504673
aaa-0063-fdu-single-f8-r3-c4_S214_.trimmed.mdup.bam	12713776.8970475	0.00689529377621995	0.195349925765565	7.93013616334404
aaa-0063-fdu-single-f8-r3-c5_S215_.trimmed.mdup.bam	20576205.7092348	0.0212408709822894	0.131291431675016	7.94481253469433
aaa-0063-fdu-single-f8-r3-c6_S216_.trimmed.mdup.bam	20878317.7855686	0.0179838602346	0.138683081959945	7.94477518582753
aaa-0063-fdu-single-f8-r3-c7_S217_.trimmed.mdup.bam	12620412.6280517	0.00758300136684765	0.189022275576897	7.93897694346395
aaa-0063-fdu-single-f8-r4-c1_S218_.trimmed.mdup.bam	15453244.1929429	0.00907890440178123	0.184568860374584	7.93443376881716
aaa-0063-fdu-single-f8-r4-c2_S219_.trimmed.mdup.bam	10168434.1761315	0.00635703055054835	0.201508689286396	7.92025641314124
aaa-0063-fdu-single-f8-r4-c3_S220_.trimmed.mdup.bam	7874550.20513077	0.004369195808922	0.233277030935468	7.92981942642037
aaa-0063-fdu-single-f8-r4-c4_S221_.trimmed.mdup.bam	14410136.9812996	0.0179239227884033	0.151189495783699	7.93995451376845
aaa-0063-fdu-single-f8-r4-c5_S222_.trimmed.mdup.bam	18731016.9440663	0.019007382534532	0.19007474408276	7.93428131138371
aaa-0063-fdu-single-f8-r4-c6_S223_.trimmed.mdup.bam	13796482.187639	0.0093874567431999	0.179819299895168	7.93881767536302
aaa-0063-fdu-single-f8-r4-c7_S224_.trimmed.mdup.bam	10446279.2907129	0.00605767586644241	0.200453662238456	7.93580417431079
aaa-0063-fdu-single-f8-r5-c1_S225_.trimmed.mdup.bam	674002.703521508	0.000220351001053416	0.873610165645564	7.56900516146004
aaa-0063-fdu-single-f8-r5-c2_S226_.trimmed.mdup.bam	10437559.1290269	0.00694380449723063	0.194686131386861	7.93681433209472
aaa-0063-fdu-single-f8-r5-c3_S227_.trimmed.mdup.bam	19008925.6044998	0.0208675218655668	0.133883572607302	7.9435197758436
aaa-0063-fdu-single-f8-r5-c4_S228_.trimmed.mdup.bam	20191286.9778214	0.0216142382320454	0.135360699190486	7.94458772707553
aaa-0063-fdu-single-f8-r5-c5_S229_.trimmed.mdup.bam	13927553.7403598	0.0115851457262561	0.180578344713209	7.93684500999846
aaa-0063-fdu-single-f8-r5-c6_S230_.trimmed.mdup.bam	6524437.62233429	0.003204735479454	0.269602072050859	7.92398937587281
aaa-0063-fdu-single-f8-r5-c7_S231_.trimmed.mdup.bam	13977696.1685486	0.00991102703107101	0.172648188114193	7.94012505814838
aaa-0063-fdu-single-f8-r6-c1_S232_.trimmed.mdup.bam	15436160.5374431	0.0147846653682169	0.233215523167404	7.8933148017696
aaa-0063-fdu-single-f8-r6-c2_S233_.trimmed.mdup.bam	14663665.2631926	0.0181710825077068	0.149961087712873	7.93845705136669
aaa-0063-fdu-single-f8-r6-c3_S234_.trimmed.mdup.bam	19844128.0220584	0.0213357802497412	0.190995870909029	7.91399307104431
aaa-0063-fdu-single-f8-r6-c4_S235_.trimmed.mdup.bam	10453669.8953397	0.00557181775447646	0.25479154406772	7.89867989488583
aaa-0063-fdu-single-f8-r6-c5_S236_.trimmed.mdup.bam	14770207.8233721	0.0126097951884871	0.161332316751697	7.94031485103091
aaa-0063-fdu-single-f8-r6-c6_S237_.trimmed.mdup.bam	7816770.59960067	0.00409850232669531	0.243026225321678	7.9309234593976
aaa-0063-fdu-single-f8-r6-c7_S238_.trimmed.mdup.bam	16097659.9731998	0.0130295732892424	0.153760360656508	7.94250220087223
aaa-0063-fdu-single-f8-r7-c1_S239_.trimmed.mdup.bam	13975444.3934283	0.0153764084136185	0.147610643268956	7.94395469856912
aaa-0063-fdu-single-f8-r7-c2_S240_.trimmed.mdup.bam	13979140.5339895	0.0128960092519606	0.155679599877546	7.93935816893926
aaa-0063-fdu-single-f8-r7-c3_S241_.trimmed.mdup.bam	14094125.7659288	0.00952651217531945	0.197033288948069	7.92303435106548
aaa-0063-fdu-single-f8-r7-c4_S242_.trimmed.mdup.bam	34502273.1767051	0.0235982974171054	0.134762666942035	7.94435318612559
aaa-0063-fdu-single-f8-r7-c5_S243_.trimmed.mdup.bam	20794275.9235902	0.0108417451144292	0.189296259270453	7.93051302612447
aaa-0063-fdu-single-f8-r7-c6_S244_.trimmed.mdup.bam	20093635.9404662	0.0137540371858795	0.174250852920629	7.93889711145049
aaa-0063-negctrl-f12-r7-c7_S441_.trimmed.mdup.bam	887192.588387633	0.000140753784966073	1.0652557319224	7.36357504373009
aaa-0063-single-f12-r1-c1_S393_.trimmed.mdup.bam	16995207.6587067	0.020509450476967	0.222776703997082	7.91759053731732
aaa-0063-single-f12-r1-c2_S394_.trimmed.mdup.bam	12225924.4091709	0.017997970001099	0.267764141249007	7.82743017742926
aaa-0063-single-f12-r1-c3_S395_.trimmed.mdup.bam	16041936.6772657	0.0150944737459924	0.148278932557539	7.94387854293705
aaa-0063-single-f12-r1-c4_S396_.trimmed.mdup.bam	12807155.7074	0.0193696057401381	0.249676732334373	7.82937751740498
aaa-0063-single-f12-r1-c5_S397_.trimmed.mdup.bam	15054813.4700625	0.0153044082908553	0.181284091444098	7.92589915369647
aaa-0063-single-f12-r1-c6_S398_.trimmed.mdup.bam	12798414.0492004	0.0184523880238399	0.214302365249033	7.87386871008815
aaa-0063-single-f12-r1-c7_S399_.trimmed.mdup.bam	19167632.5964617	0.0216744544736283	0.13261696653189	7.94551029026362
aaa-0063-single-f12-r2-c1_S400_.trimmed.mdup.bam	9910314.4625446	0.0129566376962458	0.160746887632344	7.72263770714294
aaa-0063-single-f12-r2-c2_S401_.trimmed.mdup.bam	8963680.34079585	0.00600562046123519	0.297570833086725	7.83764051257568
aaa-0063-single-f12-r2-c3_S402_.trimmed.mdup.bam	13001919.9468413	0.0120002574851865	0.165570432845186	7.93943510777431
aaa-0063-single-f12-r2-c4_S403_.trimmed.mdup.bam	11792060.2892002	0.0133642080561686	0.15516927663034	7.94240272354289
aaa-0063-single-f12-r2-c5_S404_.trimmed.mdup.bam	13119226.4470396	0.0139007327772772	0.191322458253206	7.92401110640037
aaa-0063-single-f12-r2-c6_S405_.trimmed.mdup.bam	14628798.7354172	0.0213721800473647	0.13355073637305	7.94548449883286
aaa-0063-single-f12-r2-c7_S406_.trimmed.mdup.bam	14729014.6689601	0.0144774396524631	0.185077818869077	7.93469595459413
aaa-0063-single-f12-r3-c1_S407_.trimmed.mdup.bam	10332743.1873115	0.00537290809383064	0.21250270102686	7.9295736079873
aaa-0063-single-f12-r3-c2_S408_.trimmed.mdup.bam	14309145.5082159	0.00937413317321407	0.177513865314551	7.93750235112773
aaa-0063-single-f12-r3-c3_S409_.trimmed.mdup.bam	2548340.07514731	0.000947865132926834	0.448770708029967	7.84312637693782
aaa-0063-single-f12-r3-c4_S410_.trimmed.mdup.bam	5796371.25785216	0.00591529107989619	0.201318409907207	7.70615213281072
aaa-0063-single-f12-r3-c5_S411_.trimmed.mdup.bam	12321765.6317769	0.0181497000996573	0.14284269503833	7.94495981768582
aaa-0063-single-f12-r3-c6_S412_.trimmed.mdup.bam	13071263.9333837	0.017845803414526	0.137777543656333	7.94372613847403
aaa-0063-single-f12-r3-c7_S413_.trimmed.mdup.bam	14664219.5488826	0.0105573450018893	0.163496141485288	7.94148864167083
aaa-0063-single-f12-r4-c1_S414_.trimmed.mdup.bam	16882844.9645195	0.00872162633338617	0.199753062088075	7.92264342302194
aaa-0063-single-f12-r4-c2_S415_.trimmed.mdup.bam	11733925.5830513	0.00712015666451138	0.201593869078087	7.9312333636656
aaa-0063-single-f12-r4-c3_S416_.trimmed.mdup.bam	9729758.51340301	0.00694002926446847	0.279357475608684	7.85090983803422
aaa-0063-single-f12-r4-c4_S417_.trimmed.mdup.bam	10054117.61565	0.0165964238237113	0.234263605913716	7.84485012323981
aaa-0063-single-f12-r4-c5_S418_.trimmed.mdup.bam	12322359.5665077	0.0175316230329118	0.239944397112237	7.86588678925563
aaa-0063-single-f12-r4-c6_S419_.trimmed.mdup.bam	13940463.7457627	0.0111145640471963	0.1667935221187	7.94081590106275
aaa-0063-single-f12-r4-c7_S420_.trimmed.mdup.bam	11223695.7536367	0.00601506000025935	0.207805049734776	7.93484926606896
aaa-0063-single-f12-r5-c1_S421_.trimmed.mdup.bam	1334066.03425909	0.000438000827760663	0.648710601719198	7.7489159863911
aaa-0063-single-f12-r5-c2_S422_.trimmed.mdup.bam	14217209.3513549	0.00810730669017378	0.273495999950038	7.89842228269055
aaa-0063-single-f12-r5-c3_S423_.trimmed.mdup.bam	15645500.1553091	0.0219587681304562	0.134974397586773	7.9421957195503
aaa-0063-single-f12-r5-c4_S424_.trimmed.mdup.bam	10820946.7404988	0.0164074533319165	0.205013804457142	7.79725124061828
aaa-0063-single-f12-r5-c5_S425_.trimmed.mdup.bam	14669090.9970492	0.0140828230781696	0.181136475432236	7.93703876301338
aaa-0063-single-f12-r5-c6_S426_.trimmed.mdup.bam	9435304.49395877	0.00465984242761298	0.228618314512124	7.93003373742451
aaa-0063-single-f12-r5-c7_S427_.trimmed.mdup.bam	14878231.4447396	0.0148718719821867	0.255738600604464	7.90809622493835
aaa-0063-single-f12-r6-c1_S428_.trimmed.mdup.bam	19562274.5624097	0.0138365424871746	0.168689706250912	7.93661225932018
aaa-0063-single-f12-r6-c2_S429_.trimmed.mdup.bam	19448255.2239265	0.0190635657952373	0.261850599613363	7.81337892241868
aaa-0063-single-f12-r6-c3_S430_.trimmed.mdup.bam	13369753.0532347	0.0189702817008907	0.139696033186128	7.93984280756569
aaa-0063-single-f12-r6-c4_S431_.trimmed.mdup.bam	7839441.2474268	0.00611675523160133	0.3191459228898	7.78966351938553
aaa-0063-single-f12-r6-c5_S432_.trimmed.mdup.bam	14607172.9682406	0.0129502830395036	0.21252078831667	7.92788859319621
aaa-0063-single-f12-r6-c6_S433_.trimmed.mdup.bam	5526194.84780998	0.00252540729301356	0.295549055890487	7.91883247853727
aaa-0063-single-f12-r6-c7_S434_.trimmed.mdup.bam	15980507.756331	0.0186321744580968	0.148649849983331	7.94038381692827
aaa-0063-single-f12-r7-c1_S435_.trimmed.mdup.bam	3678333.46676902	0.0044569072335853	0.365283661816172	7.86768544116225
aaa-0063-single-f12-r7-c2_S436_.trimmed.mdup.bam	15626451.9822296	0.0149851354411349	0.155131722722898	7.93779784178615
aaa-0063-single-f12-r7-c3_S437_.trimmed.mdup.bam	13088836.5676992	0.00973033685938897	0.175367277749874	7.9402554514169
aaa-0063-single-f12-r7-c4_S438_.trimmed.mdup.bam	15018154.9926457	0.0199603006314569	0.134413998985732	7.9446921267827
aaa-0063-single-f12-r7-c5_S439_.trimmed.mdup.bam	7458152.61672797	0.00931143626792145	0.286052076002815	7.82627397553714
aaa-0063-single-f12-r7-c6_S440_.trimmed.mdup.bam	17144415.8206119	0.0210286053712413	0.228145500566044	7.900364776668
aaa-0063-single-f16-r1-c1_S589_.trimmed.mdup.bam	15406199.0437189	0.0147683569714362	0.145712401055409	7.94399517811293
aaa-0063-single-f16-r1-c2_S590_.trimmed.mdup.bam	14592735.2713813	0.0152058329126451	0.150935402968888	7.9448098514634
aaa-0063-single-f16-r1-c3_S591_.trimmed.mdup.bam	7130725.49959716	0.0114642764312713	0.325551716194425	7.75596030472728
aaa-0063-single-f16-r1-c4_S592_.trimmed.mdup.bam	592617.066924133	0.00100439777832639	0.508881701044594	7.73150391128069
aaa-0063-single-f16-r1-c5_S593_.trimmed.mdup.bam	13405630.6531522	0.0129600276020514	0.161458745352425	7.94158133310914
aaa-0063-single-f16-r1-c6_S594_.trimmed.mdup.bam	13929204.3645584	0.0140639757329294	0.14778209889178	7.94262933167446
aaa-0063-single-f16-r1-c7_S595_.trimmed.mdup.bam	14484455.0347514	0.0158863397462469	0.151963685316095	7.94393887889538
aaa-0063-single-f16-r2-c1_S596_.trimmed.mdup.bam	12260303.2261136	0.0130813236709259	0.231576499889656	7.87610136230213
aaa-0063-single-f16-r2-c2_S597_.trimmed.mdup.bam	10282611.7258514	0.00754580727760683	0.184897148436185	7.9402735434074
aaa-0063-single-f16-r2-c3_S598_.trimmed.mdup.bam	12027782.5808846	0.0114607249471873	0.230758902797607	7.88038651171889
aaa-0063-single-f16-r2-c4_S599_.trimmed.mdup.bam	12017556.3781446	0.0109179851289317	0.163433773344334	7.94189428944357
aaa-0063-single-f16-r2-c5_S600_.trimmed.mdup.bam	12827453.3149014	0.0115460787537237	0.246348618324264	7.91550188254369
aaa-0063-single-f16-r2-c6_S601_.trimmed.mdup.bam	12556726.6858407	0.0161549579675787	0.18096357226792	7.93548288596767
aaa-0063-single-f16-r2-c7_S602_.trimmed.mdup.bam	12661193.1211391	0.0107017412599098	0.171864046278059	7.94108977998729
aaa-0063-single-f16-r3-c1_S603_.trimmed.mdup.bam	8320358.0586012	0.00657583506290873	0.253497763756579	7.92003090826829
aaa-0063-single-f16-r3-c2_S604_.trimmed.mdup.bam	11826195.7086615	0.0084831830984059	0.177455350465193	7.93879437482197
aaa-0063-single-f16-r3-c3_S605_.trimmed.mdup.bam	3391874.93768017	0.0012359394513294	0.397933967996759	7.88806179216894
aaa-0063-single-f16-r3-c4_S606_.trimmed.mdup.bam	10217158.4951121	0.00732203819978547	0.249443839964517	7.91848850111402
aaa-0063-single-f16-r3-c5_S607_.trimmed.mdup.bam	12998170.7536594	0.0142045922249295	0.164747477316744	7.93779653372166
aaa-0063-single-f16-r3-c6_S608_.trimmed.mdup.bam	9683013.9158719	0.0127523758765533	0.172706633122661	7.93778503215375
aaa-0063-single-f16-r3-c7_S609_.trimmed.mdup.bam	10122286.4770678	0.0082309891957459	0.260211500739448	7.87797544990001
aaa-0063-single-f16-r4-c1_S610_.trimmed.mdup.bam	11077547.9514134	0.00879678160393518	0.176373222522528	7.94041292890857
aaa-0063-single-f16-r4-c2_S611_.trimmed.mdup.bam	8119390.62573135	0.00760973172448976	0.316436251920123	7.7928473574174
aaa-0063-single-f16-r4-c3_S612_.trimmed.mdup.bam	11526212.1122504	0.00767221232860003	0.19076606167843	7.93620643463284
aaa-0063-single-f16-r4-c4_S613_.trimmed.mdup.bam	11704727.3340639	0.0133715532298521	0.154185413671011	7.93925540720242
aaa-0063-single-f16-r4-c5_S614_.trimmed.mdup.bam	11217367.5604773	0.0123553809606663	0.217575950107843	7.89580710229149
aaa-0063-single-f16-r4-c6_S615_.trimmed.mdup.bam	11183395.6406829	0.00973721769789965	0.229410190059784	7.92564430241612
aaa-0063-single-f16-r4-c7_S616_.trimmed.mdup.bam	10730054.3482692	0.00804054863304111	0.224846722710322	7.92942448237498
aaa-0063-single-f16-r5-c1_S617_.trimmed.mdup.bam	772032.465076786	0.000204613794820126	0.888345956511117	7.40497766045029
aaa-0063-single-f16-r5-c2_S618_.trimmed.mdup.bam	10312934.3594541	0.0071450860233866	0.188795856098772	7.92881533472287
aaa-0063-single-f16-r5-c3_S619_.trimmed.mdup.bam	11913557.5243053	0.0139215582421625	0.153951343497665	7.94028694009465
aaa-0063-single-f16-r5-c4_S620_.trimmed.mdup.bam	13778612.6634555	0.0149997305900775	0.152712170905615	7.94196403938654
aaa-0063-single-f16-r5-c5_S621_.trimmed.mdup.bam	9677382.0927085	0.0100142344278645	0.233126470558016	7.88467598680559
aaa-0063-single-f16-r5-c6_S622_.trimmed.mdup.bam	8271934.36265214	0.0059153105081461	0.288840224998927	7.90077162328872
aaa-0063-single-f16-r5-c7_S623_.trimmed.mdup.bam	12467221.035757	0.00960067951936042	0.169545240151993	7.93977212537915
aaa-0063-single-f16-r6-c1_S624_.trimmed.mdup.bam	12369315.3460994	0.0111778169242406	0.160651035342311	7.93722786474614
aaa-0063-single-f16-r6-c2_S625_.trimmed.mdup.bam	12629761.1415974	0.012390297411409	0.177991354693788	7.9336035031544
aaa-0063-single-f16-r6-c3_S626_.trimmed.mdup.bam	11988542.0514372	0.0116009771595015	0.159299858557284	7.9428858257259
aaa-0063-single-f16-r6-c4_S627_.trimmed.mdup.bam	6616477.11779608	0.00543168696872425	0.221429108122323	7.71766764711114
aaa-0063-single-f16-r6-c5_S628_.trimmed.mdup.bam	10906646.3000713	0.00905298679259379	0.174773373021242	7.93983320247503
aaa-0063-single-f16-r6-c6_S629_.trimmed.mdup.bam	6766658.97390074	0.00380748365701851	0.309387949637907	7.90444900532198
aaa-0063-single-f16-r6-c7_S630_.trimmed.mdup.bam	8427283.34713454	0.0110327490963815	0.282649892958918	7.7721784982818
aaa-0063-single-f16-r7-c1_S631_.trimmed.mdup.bam	11648011.7433948	0.0121178249490987	0.299871907807666	7.7510764901739
aaa-0063-single-f16-r7-c2_S632_.trimmed.mdup.bam	11615775.0566989	0.0103207837167172	0.224923590574272	7.87549366137916
aaa-0063-single-f16-r7-c3_S633_.trimmed.mdup.bam	11936890.5520224	0.00751120459310017	0.188931156370981	7.93613145350044
aaa-0063-single-f16-r7-c4_S634_.trimmed.mdup.bam	12904258.2180042	0.0115658903877678	0.164230058284026	7.9413879601879
aaa-0063-single-f16-r7-c5_S635_.trimmed.mdup.bam	12225602.9020361	0.00872250254745722	0.201036239266482	7.92302183876324
aaa-0063-single-f16-r7-c6_S636_.trimmed.mdup.bam	12744221.8324421	0.0119044263472765	0.157209903121636	7.9415707338692
aaa-0081-negctrl-f9-r7-c7_S294_.trimmed.mdup.bam	700451.525993081	0.000176715151749943	0.980309423347398	7.45745197849836
aaa-0081-single-f10-r1-c1_S295_.trimmed.mdup.bam	18813378.6189546	0.0283850471159718	0.123073504906499	7.94116869351735
aaa-0081-single-f10-r1-c3_S297_.trimmed.mdup.bam	14389582.0396723	0.021130884097689	0.1376600279195	7.94747706978582
aaa-0081-single-f10-r1-c4_S298_.trimmed.mdup.bam	16958703.1256829	0.0287202605209412	0.241900133936972	7.89586325273107
aaa-0081-single-f10-r1-c5_S299_.trimmed.mdup.bam	11573264.1783228	0.0131533224984725	0.198981062775222	7.92900442934738
aaa-0081-single-f10-r1-c6_S300_.trimmed.mdup.bam	7363100.5178535	0.0128942228243811	0.149787006358941	7.57687704615664
aaa-0081-single-f10-r2-c1_S302_.trimmed.mdup.bam	6142681.74186741	0.0121380481382368	0.159381726727457	7.8026645056351
aaa-0081-single-f10-r2-c2_S303_.trimmed.mdup.bam	8283227.09805502	0.00594911274875636	0.207312904824569	7.93753970586231
aaa-0081-single-f10-r2-c3_S304_.trimmed.mdup.bam	10066439.7322382	0.0120891485284237	0.162563816551547	7.76640370194001
aaa-0081-single-f10-r2-c4_S305_.trimmed.mdup.bam	13517998.913527	0.0168734564200803	0.192744106861424	7.9215599606841
aaa-0081-single-f10-r2-c5_S306_.trimmed.mdup.bam	15665374.1937202	0.0145930413012883	0.151282692192599	7.94292714526686
aaa-0081-single-f10-r2-c6_S307_.trimmed.mdup.bam	8024373.31622892	0.01574058253932	0.223813107151491	7.69907285797155
aaa-0081-single-f10-r2-c7_S308_.trimmed.mdup.bam	12753346.7272494	0.0157136530421163	0.238253112705928	7.90215417311711
aaa-0081-single-f10-r3-c1_S309_.trimmed.mdup.bam	10701482.3875031	0.00711305693438502	0.197342790070426	7.93979407386252
aaa-0081-single-f10-r3-c2_S310_.trimmed.mdup.bam	13404321.5761628	0.0121050369512021	0.161546962261674	7.94462664450905
aaa-0081-single-f10-r3-c3_S311_.trimmed.mdup.bam	2296262.83454674	0.00101782140379926	0.450135836008891	7.87180192885553
aaa-0081-single-f10-r3-c4_S312_.trimmed.mdup.bam	11422361.2562345	0.0100604095494316	0.228652103444409	7.89886558144883
aaa-0081-single-f10-r3-c5_S313_.trimmed.mdup.bam	15774545.1609248	0.0280155386404527	0.231894587678247	7.91309503437313
aaa-0081-single-f10-r3-c6_S314_.trimmed.mdup.bam	7112687.37943594	0.0131057550189951	0.181502777189582	7.65155135821668
aaa-0081-single-f10-r3-c7_S315_.trimmed.mdup.bam	9385630.9349269	0.0098733274835283	0.253828933430046	7.84909088929697
aaa-0081-single-f10-r4-c1_S316_.trimmed.mdup.bam	9274075.12599769	0.0102970598807491	0.290282673961911	7.74914101086649
aaa-0081-single-f10-r4-c2_S317_.trimmed.mdup.bam	12978543.7707173	0.00964807635404279	0.238544268042217	7.92221866696224
aaa-0081-single-f10-r4-c3_S318_.trimmed.mdup.bam	9475402.29816965	0.00939058404382748	0.30473416596732	7.81871749004382
aaa-0081-single-f10-r4-c4_S319_.trimmed.mdup.bam	12004596.8915023	0.0213064905439772	0.299725178633888	7.78222778214374
aaa-0081-single-f10-r4-c5_S320_.trimmed.mdup.bam	11874565.4008542	0.0190343272505314	0.222018455528613	7.87384468096955
aaa-0081-single-f10-r4-c6_S321_.trimmed.mdup.bam	14404339.416953	0.0138935893335885	0.149491867290735	7.94632254022258
aaa-0081-single-f10-r4-c7_S322_.trimmed.mdup.bam	11542686.3767641	0.010292148095367	0.214804720720541	7.90333371823453
aaa-0081-single-f10-r5-c1_S323_.trimmed.mdup.bam	569937.001367192	0.00014076544191602	0.951332149200711	7.18745031882996
aaa-0081-single-f10-r5-c2_S324_.trimmed.mdup.bam	6374703.83034959	0.00560333167105119	0.206532180595581	7.77367897562164
aaa-0081-single-f10-r5-c3_S325_.trimmed.mdup.bam	16007468.4363937	0.0284155711632135	0.207204830413493	7.90123647786087
aaa-0081-single-f10-r5-c4_S326_.trimmed.mdup.bam	14140700.487306	0.0241011487716615	0.195062727640631	7.92684808790432
aaa-0081-single-f10-r5-c5_S327_.trimmed.mdup.bam	10689881.9163345	0.0150590042377355	0.254791918193806	7.80974296450685
aaa-0081-single-f10-r5-c6_S328_.trimmed.mdup.bam	5935672.05225488	0.00303456991455372	0.309097552064304	7.91234637329506
aaa-0081-single-f10-r5-c7_S329_.trimmed.mdup.bam	10302917.5413164	0.014018293765106	0.230745376424435	7.92236461496784
aaa-0081-single-f10-r6-c1_S330_.trimmed.mdup.bam	14366956.9796433	0.0194790181961495	0.214900835423008	7.92621418704173
aaa-0081-single-f10-r6-c2_S331_.trimmed.mdup.bam	12908507.6337363	0.0209844922345983	0.194109627359715	7.89579271316336
aaa-0081-single-f10-r6-c3_S332_.trimmed.mdup.bam	13385914.3378059	0.0239843224954835	0.175771412849818	7.93819844901246
aaa-0081-single-f10-r6-c4_S333_.trimmed.mdup.bam	6251351.74632327	0.00474151555220348	0.29383606486997	7.71217616397576
aaa-0081-single-f10-r6-c5_S334_.trimmed.mdup.bam	8149430.56159076	0.0121330829251675	0.301294853078146	7.76491711444217
aaa-0081-single-f10-r6-c6_S335_.trimmed.mdup.bam	5250872.76036364	0.00290193810946357	0.277432495952369	7.91720717378538
aaa-0081-single-f10-r6-c7_S336_.trimmed.mdup.bam	3307107.56118603	0.00193470754463229	0.369554423102051	7.76285318988167
aaa-0081-single-f10-r7-c1_S337_.trimmed.mdup.bam	9233133.64416377	0.0155717099244514	0.226842431212952	7.88614735756341
aaa-0081-single-f10-r7-c2_S338_.trimmed.mdup.bam	12631615.5122053	0.0181218713982868	0.184880100918918	7.91513538275033
aaa-0081-single-f10-r7-c3_S339_.trimmed.mdup.bam	9704579.44414097	0.0109189908646688	0.222215901549197	7.87792362414154
aaa-0081-single-f10-r7-c4_S340_.trimmed.mdup.bam	7848906.82809153	0.0155270741678858	0.177244389027431	7.93932365828086
aaa-0081-single-f10-r7-c5_S341_.trimmed.mdup.bam	5204043.67028038	0.0073744695416285	0.199496476043497	7.68728690332001
aaa-0081-single-f10-r7-c6_S342_.trimmed.mdup.bam	15745352.1143182	0.0227879700461758	0.229047849202513	7.91837990879636
aaa-0081-single-f11-r1-c1_S344_.trimmed.mdup.bam	12862621.9717541	0.0131228564121764	0.218779427459351	7.92818344390945
aaa-0081-single-f11-r1-c2_S345_.trimmed.mdup.bam	11481023.0552189	0.0132911264274935	0.272440288979541	7.78980309088964
aaa-0081-single-f11-r1-c3_S346_.trimmed.mdup.bam	7956796.35193643	0.00919606419624939	0.182639694440515	7.93913108844866
aaa-0081-single-f11-r1-c4_S347_.trimmed.mdup.bam	5822881.08249137	0.0127003836131583	0.261665352400844	7.76063599522869
aaa-0081-single-f11-r1-c5_S348_.trimmed.mdup.bam	6673490.57577502	0.00875732120934207	0.178005852867726	7.72621409192563
aaa-0081-single-f11-r1-c6_S349_.trimmed.mdup.bam	6921969.90745603	0.0113524529294458	0.170510175088849	7.64481798981289
aaa-0081-single-f11-r1-c7_S350_.trimmed.mdup.bam	12540857.208628	0.0134593689194566	0.149035255157188	7.94595156779353
aaa-0081-single-f11-r2-c1_S351_.trimmed.mdup.bam	12564402.2408014	0.0108172807383353	0.215199095472157	7.92243515708947
aaa-0081-single-f11-r2-c2_S352_.trimmed.mdup.bam	3900193.54704975	0.00258423732896527	0.319500853493437	7.6619770179238
aaa-0081-single-f11-r2-c3_S353_.trimmed.mdup.bam	11065666.4234758	0.00956456337418558	0.177257113505763	7.94221454736943
aaa-0081-single-f11-r2-c4_S354_.trimmed.mdup.bam	9247047.42592808	0.0104941429620989	0.272196382683838	7.86044793286009
aaa-0081-single-f11-r2-c5_S355_.trimmed.mdup.bam	11404988.3938926	0.0122236648737553	0.27489085091905	7.88734575862834
aaa-0081-single-f11-r2-c6_S356_.trimmed.mdup.bam	12771757.9965052	0.0167005029013175	0.176152412068761	7.93957908691943
aaa-0081-single-f11-r2-c7_S357_.trimmed.mdup.bam	10266856.0444048	0.00967936749335186	0.202067928046274	7.92349137072902
aaa-0081-single-f11-r3-c1_S358_.trimmed.mdup.bam	7354776.9605201	0.00513973541924747	0.242927253157432	7.91556368205168
aaa-0081-single-f11-r3-c2_S359_.trimmed.mdup.bam	4132847.65432404	0.00474709145992836	0.314377039355397	7.83955806452954
aaa-0081-single-f11-r3-c3_S360_.trimmed.mdup.bam	2499921.01539098	0.000947931512780702	0.459163715176825	7.86689391623746
aaa-0081-single-f11-r3-c4_S361_.trimmed.mdup.bam	4253141.22897957	0.00552179227758093	0.203300030275507	7.61647881600241
aaa-0081-single-f11-r3-c5_S362_.trimmed.mdup.bam	15330297.5473495	0.0134814455636364	0.205214619150632	7.88372217270695
aaa-0081-single-f11-r3-c6_S363_.trimmed.mdup.bam	12771673.6125857	0.0129694979024713	0.255893259565741	7.8954255924145
aaa-0081-single-f11-r3-c7_S364_.trimmed.mdup.bam	9464128.72365362	0.00729222069323227	0.270838277378377	7.83988980433437
aaa-0081-single-f11-r4-c1_S365_.trimmed.mdup.bam	9545005.01441275	0.00795503227681376	0.253784665998406	7.8696977624795
aaa-0081-single-f11-r4-c2_S366_.trimmed.mdup.bam	9710683.88979248	0.00666883129535239	0.193528044129044	7.94082824665101
aaa-0081-single-f11-r4-c3_S367_.trimmed.mdup.bam	9450651.33967105	0.00782963069492854	0.192016472704052	7.93662225342677
aaa-0081-single-f11-r4-c4_S368_.trimmed.mdup.bam	7152583.02961519	0.0112626358062961	0.320441184756682	7.73305726706349
aaa-0081-single-f11-r4-c5_S369_.trimmed.mdup.bam	21131515.1837418	0.0146013756966966	0.164229553460585	7.93745649359075
aaa-0081-single-f11-r4-c6_S370_.trimmed.mdup.bam	10747441.074303	0.00940392283260907	0.172468560985162	7.94240859952381
aaa-0081-single-f11-r4-c7_S371_.trimmed.mdup.bam	6542548.3892685	0.00604688379742019	0.278071961982349	7.87083155824153
aaa-0081-single-f11-r5-c1_S372_.trimmed.mdup.bam	434984.976125175	0.000151012872332368	0.982154659616656	7.31175300650996
aaa-0081-single-f11-r5-c2_S373_.trimmed.mdup.bam	6919175.96155901	0.0058023987005213	0.212718292467807	7.93094520257272
aaa-0081-single-f11-r5-c3_S374_.trimmed.mdup.bam	8821830.51434274	0.0123470436510205	0.216241324894372	7.81457425135189
aaa-0081-single-f11-r5-c4_S375_.trimmed.mdup.bam	12624434.5461807	0.0148115621612	0.154052332864451	7.94438941798486
aaa-0081-single-f11-r5-c5_S376_.trimmed.mdup.bam	7492646.34467779	0.00885105960093239	0.29230381645399	7.7701597700648
aaa-0081-single-f11-r5-c6_S377_.trimmed.mdup.bam	5845820.08129646	0.00407384949657718	0.308619507634777	7.73258409521301
aaa-0081-single-f11-r5-c7_S378_.trimmed.mdup.bam	11470479.1866249	0.00948503091893128	0.295691783142508	7.81858028519028
aaa-0081-single-f11-r6-c1_S379_.trimmed.mdup.bam	8948711.17643832	0.00857296913635569	0.185016747257225	7.94144774861331
aaa-0081-single-f11-r6-c2_S380_.trimmed.mdup.bam	5124673.5966941	0.00159927103859303	0.360996627950543	7.90448369533383
aaa-0081-single-f11-r6-c3_S381_.trimmed.mdup.bam	7676401.29236117	0.0106077153302208	0.170359613065203	7.70224619961848
aaa-0081-single-f11-r6-c4_S382_.trimmed.mdup.bam	10636881.6552434	0.00709065875266923	0.194994607489519	7.94094525279434
aaa-0081-single-f11-r6-c5_S383_.trimmed.mdup.bam	10817808.9904377	0.00806269813315802	0.182854008108909	7.94392473470471
aaa-0081-single-f11-r6-c6_S384_.trimmed.mdup.bam	4590803.83560716	0.00209313132289378	0.331106893154898	7.9078524629787
aaa-0081-single-f11-r6-c7_S385_.trimmed.mdup.bam	6615356.55030945	0.00915075492702012	0.287514004161236	7.74753059383439
aaa-0081-single-f11-r7-c1_S386_.trimmed.mdup.bam	10204584.5985347	0.0108309038271739	0.236353680601847	7.88097881250424
aaa-0081-single-f11-r7-c2_S387_.trimmed.mdup.bam	9031261.82832249	0.00756165975812293	0.270532216668918	7.83369429248205
aaa-0081-single-f11-r7-c3_S388_.trimmed.mdup.bam	5005255.72186668	0.00408029643750648	0.236299145726133	7.7074105991329
aaa-0081-single-f11-r7-c5_S390_.trimmed.mdup.bam	3918049.20537371	0.00551826637402598	0.207299020724209	7.66998611604928
aaa-0081-single-f11-r7-c6_S391_.trimmed.mdup.bam	7490736.90789505	0.00831537968489083	0.185659434876612	7.81276888786256
aaa-0081-single-f9-r1-c1_S246_.trimmed.mdup.bam	8211894.93126423	0.018947799330092	0.153057193523738	7.66039492549651
aaa-0081-single-f9-r1-c2_S247_.trimmed.mdup.bam	21799345.9634722	0.0384816158765322	0.22790234826799	7.91936283816321
aaa-0081-single-f9-r1-c3_S248_.trimmed.mdup.bam	19078877.5701014	0.0303790859454035	0.119687987953042	7.94951636254727
aaa-0081-single-f9-r1-c4_S249_.trimmed.mdup.bam	17048082.4303017	0.0356510953661386	0.12818884013715	7.9436110393941
aaa-0081-single-f9-r1-c5_S250_.trimmed.mdup.bam	6282408.99749613	0.0111103358124071	0.17516536641144	7.65185898672357
aaa-0081-single-f9-r1-c6_S251_.trimmed.mdup.bam	16301134.9806376	0.0275521233951773	0.12645809252168	7.94755381210094
aaa-0081-single-f9-r1-c7_S252_.trimmed.mdup.bam	19727808.8722211	0.045179142049397	0.216272561561024	7.91103868717814
aaa-0081-single-f9-r2-c1_S253_.trimmed.mdup.bam	21872290.13045	0.0293795099349013	0.15298245738649	7.9087475774908
aaa-0081-single-f9-r2-c2_S254_.trimmed.mdup.bam	6899468.46632945	0.0057072119329	0.209066657117791	7.66212428158822
aaa-0081-single-f9-r2-c3_S255_.trimmed.mdup.bam	8043274.16564983	0.0157363118861851	0.151959014327272	7.68104070611432
aaa-0081-single-f9-r2-c4_S256_.trimmed.mdup.bam	15385225.515024	0.0226491610290259	0.221900692089739	7.91428546511804
aaa-0081-single-f9-r2-c6_S258_.trimmed.mdup.bam	20876681.6623191	0.0406761153885611	0.166313615072891	7.91357896464827
aaa-0081-single-f9-r2-c7_S259_.trimmed.mdup.bam	5864532.48014673	0.0112925773298446	0.171660857259543	7.53437041258451
aaa-0081-single-f9-r3-c1_S260_.trimmed.mdup.bam	12901074.4105311	0.00935633236303591	0.181284389716626	7.94015451669665
aaa-0081-single-f9-r3-c2_S261_.trimmed.mdup.bam	17288344.5428737	0.0172282512343323	0.210133180478805	7.8887860923318
aaa-0081-single-f9-r3-c3_S262_.trimmed.mdup.bam	2961315.31375725	0.00106332042226935	0.464859012380549	7.85667416460528
aaa-0081-single-f9-r3-c4_S263_.trimmed.mdup.bam	15695645.4880281	0.0136581095543282	0.255572171188493	7.85950689785526
aaa-0081-single-f9-r3-c5_S264_.trimmed.mdup.bam	15518763.920954	0.0310414636314037	0.207783358237866	7.87826689443221
aaa-0081-single-f9-r3-c6_S265_.trimmed.mdup.bam	20200356.9939622	0.0260601681806259	0.124801627751728	7.94923015396624
aaa-0081-single-f9-r3-c7_S266_.trimmed.mdup.bam	22883297.7376833	0.0184240405881967	0.241788579126222	7.90486787363429
aaa-0081-single-f9-r4-c1_S267_.trimmed.mdup.bam	9048269.78200185	0.0116015894731779	0.166673410755473	7.79516195167423
aaa-0081-single-f9-r4-c2_S268_.trimmed.mdup.bam	9610940.65601485	0.0087361913685414	0.246557682005757	7.86713325727373
aaa-0081-single-f9-r4-c3_S269_.trimmed.mdup.bam	15022419.1320275	0.0132454606498784	0.248090836012862	7.8728854079333
aaa-0081-single-f9-r4-c4_S270_.trimmed.mdup.bam	17650482.3786331	0.0334113267365969	0.233946686898371	7.81252553135708
aaa-0081-single-f9-r4-c5_S271_.trimmed.mdup.bam	16762524.4943391	0.0291953861438514	0.122054307007074	7.94814239144352
aaa-0081-single-f9-r4-c6_S272_.trimmed.mdup.bam	12531250.0452638	0.015813734757303	0.200616584006284	7.76491684147783
aaa-0081-single-f9-r4-c7_S273_.trimmed.mdup.bam	11337924.2905882	0.0119449763428855	0.26959781720379	7.8288988708328
aaa-0081-single-f9-r5-c1_S274_.trimmed.mdup.bam	1135511.69204628	0.000449919411473651	0.683027267668336	7.65920523760891
aaa-0081-single-f9-r5-c2_S275_.trimmed.mdup.bam	8046204.99475076	0.00755630792288037	0.263143833786589	7.78596224362024
aaa-0081-single-f9-r5-c4_S277_.trimmed.mdup.bam	1035888.67891083	0.00166595494457187	0.381037452944554	7.87157885962621
aaa-0081-single-f9-r5-c5_S278_.trimmed.mdup.bam	10356516.3071735	0.0168914686743783	0.147808049458113	7.69531133687883
aaa-0081-single-f9-r5-c6_S279_.trimmed.mdup.bam	4866772.74454034	0.00372745254334978	0.22811747317714	7.45436566418757
aaa-0081-single-f9-r5-c7_S280_.trimmed.mdup.bam	13326599.7297159	0.0177282893783011	0.302312285230963	7.73197800073916
aaa-0081-single-f9-r6-c1_S281_.trimmed.mdup.bam	17060213.2513228	0.0237959999358233	0.213316588993162	7.85154412050791
aaa-0081-single-f9-r6-c2_S282_.trimmed.mdup.bam	15699338.8173988	0.0314223949464589	0.275745437906354	7.77885728242434
aaa-0081-single-f9-r6-c4_S284_.trimmed.mdup.bam	7132618.92352328	0.00684162550246583	0.190315213798492	7.57542862414655
aaa-0081-single-f9-r6-c5_S285_.trimmed.mdup.bam	19659956.728998	0.0216893471985988	0.133539381759476	7.94642084014502
aaa-0081-single-f9-r6-c6_S286_.trimmed.mdup.bam	7274090.73117973	0.00351894014638055	0.359911232013745	7.80996555150884
aaa-0081-single-f9-r6-c7_S287_.trimmed.mdup.bam	5621669.33745219	0.0130912800013978	0.305401431965048	7.6912099335083
aaa-0081-single-f9-r7-c1_S288_.trimmed.mdup.bam	15380094.9180862	0.0340204056093954	0.134153764973831	7.94639567681295
aaa-0081-single-f9-r7-c2_S289_.trimmed.mdup.bam	18998215.1099636	0.0221793781748418	0.13612846840868	7.9463949704757
aaa-0081-single-f9-r7-c3_S290_.trimmed.mdup.bam	12328019.4448786	0.0146792901025374	0.225160899978417	7.86721948996064
aaa-0081-single-f9-r7-c4_S291_.trimmed.mdup.bam	11019918.8079805	0.0235080434821369	0.131142950911474	7.76388479027731
aaa-0081-single-f9-r7-c5_S292_.trimmed.mdup.bam	12660646.2607758	0.0205205987305709	0.28218523155232	7.75512217526457
aaa-0081-single-f9-r7-c6_S293_.trimmed.mdup.bam	19371718.2113255	0.0427490225509043	0.21805554324974	7.90738468476824
fucci-wt-single-f8-r1-c6_S643_.trimmed.mdup.bam	7194827.01951556	0.0677329016286401	0.1298974920403	7.92247558669211
na12878-single-f13-r1-c1_S442_.trimmed.mdup.bam	11691125.1498022	0.00740439681779371	0.258974569207013	7.91726625519319
na12878-single-f13-r1-c2_S443_.trimmed.mdup.bam	11158622.545185	0.00707838107013702	0.187512516092118	7.94041128287912
na12878-single-f13-r1-c3_S444_.trimmed.mdup.bam	10745601.4941258	0.00547023261655064	0.205508825532385	7.93936105545941
na12878-single-f13-r1-c4_S445_.trimmed.mdup.bam	11663196.3173755	0.00720324837514965	0.192926925128435	7.93620390217649
na12878-single-f13-r1-c5_S446_.trimmed.mdup.bam	9610234.8447785	0.00552692165936199	0.21218596750774	7.9366995346675
na12878-single-f13-r1-c6_S447_.trimmed.mdup.bam	9971748.53706564	0.00617605445978843	0.266959392484702	7.86720195820662
na12878-single-f13-r1-c7_S448_.trimmed.mdup.bam	10850565.2546042	0.00619907466930558	0.199778611601729	7.93832982616262
na12878-single-f13-r2-c1_S449_.trimmed.mdup.bam	10914128.89668	0.00543825112676135	0.223131392604249	7.93201964315176
na12878-single-f13-r2-c2_S450_.trimmed.mdup.bam	5258218.30211146	0.00236918344025049	0.277167354715783	7.77224913086181
na12878-single-f13-r2-c3_S451_.trimmed.mdup.bam	10414044.1507977	0.00502054990592176	0.216772991757719	7.93648869510891
na12878-single-f13-r2-c4_S452_.trimmed.mdup.bam	9254981.77230823	0.00456144773212697	0.289957053187975	7.90346336327578
na12878-single-f13-r2-c5_S453_.trimmed.mdup.bam	9960700.64025209	0.0051100869384685	0.221571758027319	7.93653247158935
na12878-single-f13-r2-c6_S454_.trimmed.mdup.bam	10711676.771434	0.00695922534679451	0.245191433000269	7.92580700881461
na12878-single-f13-r2-c7_S455_.trimmed.mdup.bam	9371798.94258999	0.00434346730136704	0.255213034321553	7.91073449386613
na12878-single-f13-r3-c1_S456_.trimmed.mdup.bam	6715333.77965214	0.00269856707502952	0.329768072345088	7.87805475963208
na12878-single-f13-r3-c2_S457_.trimmed.mdup.bam	9549264.32231686	0.00395684998517079	0.241020183207267	7.92208731007923
na12878-single-f13-r3-c3_S458_.trimmed.mdup.bam	851535.091325076	0.000313400337380173	0.74000955261901	7.49297570167833
na12878-single-f13-r3-c4_S459_.trimmed.mdup.bam	9073229.17473657	0.00368635564250571	0.246898313606653	7.9308288567099
na12878-single-f13-r3-c5_S460_.trimmed.mdup.bam	10857142.6802665	0.00593016502422503	0.205666040318672	7.93837023254957
na12878-single-f13-r3-c6_S461_.trimmed.mdup.bam	10655725.0427204	0.00581597354253933	0.228358881875564	7.9151904426347
na12878-single-f13-r3-c7_S462_.trimmed.mdup.bam	8441542.10152723	0.0038378597257567	0.238854169390477	7.93270434222538
na12878-single-f13-r4-c1_S463_.trimmed.mdup.bam	9052336.28843503	0.00404653272959188	0.26593949321222	7.9144448316724
na12878-single-f13-r4-c2_S464_.trimmed.mdup.bam	8181324.92618239	0.00348490250014218	0.250628799747043	7.93095778246622
na12878-single-f13-r4-c3_S465_.trimmed.mdup.bam	8393682.34147873	0.00347917084261383	0.257409329412443	7.92673836410747
na12878-single-f13-r4-c4_S466_.trimmed.mdup.bam	11708937.3433671	0.00663533537348242	0.192767326695015	7.93988279576989
na12878-single-f13-r4-c5_S467_.trimmed.mdup.bam	10243180.8915016	0.00526372812920987	0.212719130368216	7.93703918771142
na12878-single-f13-r4-c6_S468_.trimmed.mdup.bam	8538437.90169941	0.0038592414861979	0.316727831134015	7.8892587297078
na12878-single-f13-r4-c7_S469_.trimmed.mdup.bam	7385188.63332108	0.00319240890249285	0.2606812117407	7.92903150747342
na12878-single-f13-r5-c1_S470_.trimmed.mdup.bam	651330.915331748	0.000176619305717041	0.962492949802594	7.48859178917255
na12878-single-f13-r5-c2_S471_.trimmed.mdup.bam	7713897.3852146	0.00305423972237347	0.272396260455962	7.92801745695337
na12878-single-f13-r5-c3_S472_.trimmed.mdup.bam	11190155.2786318	0.00676921252939196	0.195505165104198	7.94045608371627
na12878-single-f13-r5-c4_S473_.trimmed.mdup.bam	7649140.22699385	0.00601839518316099	0.342634240552972	7.70501363270974
na12878-single-f13-r5-c5_S474_.trimmed.mdup.bam	10301610.2434229	0.00466064481433437	0.252553879310345	7.92840530541828
na12878-single-f13-r5-c6_S475_.trimmed.mdup.bam	6189956.8545999	0.00229771824196819	0.302493352512968	7.91792139621598
na12878-single-f13-r5-c7_S476_.trimmed.mdup.bam	9158292.40450584	0.00419614352988889	0.230045937410278	7.93379319045986
na12878-single-f13-r6-c1_S477_.trimmed.mdup.bam	9606411.97763682	0.00433019910189346	0.230714815845626	7.93379878503378
na12878-single-f13-r6-c2_S478_.trimmed.mdup.bam	10430945.6649751	0.00586543689540405	0.212199334862977	7.9352453176261
na12878-single-f13-r6-c3_S479_.trimmed.mdup.bam	10852119.8494986	0.0053736865190438	0.238781075180149	7.91608733152532
na12878-single-f13-r6-c4_S480_.trimmed.mdup.bam	6754436.80965557	0.00278416017284402	0.315076136649987	7.89324698375264
na12878-single-f13-r6-c5_S481_.trimmed.mdup.bam	8594618.3598765	0.00377686279233142	0.238009242045998	7.93175032202377
na12878-single-f13-r6-c6_S482_.trimmed.mdup.bam	4249724.83162167	0.00147497298130284	0.428372692725299	7.86559501484202
na12878-single-f13-r6-c7_S483_.trimmed.mdup.bam	7121142.00249293	0.00285471612903042	0.275167196194422	7.92567066770824
na12878-single-f13-r7-c1_S484_.trimmed.mdup.bam	11031381.7500176	0.00534065914180088	0.209274091084487	7.93872053802913
na12878-single-f13-r7-c2_S485_.trimmed.mdup.bam	9592721.62714009	0.00422755480054325	0.227218780412542	7.93416058086332
na12878-single-f13-r7-c3_S486_.trimmed.mdup.bam	8056452.13340995	0.00319493004172316	0.266429589710651	7.9272261450726
na12878-single-f13-r7-c4_S487_.trimmed.mdup.bam	10032746.6998376	0.00532730869606934	0.220918681110743	7.93336296673593
na12878-single-f13-r7-c5_S488_.trimmed.mdup.bam	9010806.81357736	0.00387459725112457	0.24146760989615	7.93262849470243
na12878-single-f13-r7-c6_S489_.trimmed.mdup.bam	10121294.9146591	0.00502016781700681	0.223665353817785	7.93482232852991
na12878-single-f14-r1-c1_S491_.trimmed.mdup.bam	5511298.47732741	0.00466717205869664	0.263840830449827	7.9226366201385
na12878-single-f14-r1-c2_S492_.trimmed.mdup.bam	8288021.44761552	0.00582229679027752	0.208303189310276	7.93776825185531
na12878-single-f14-r1-c3_S493_.trimmed.mdup.bam	8462831.80886153	0.00491634324947442	0.217722142923158	7.93567436223918
na12878-single-f14-r1-c4_S494_.trimmed.mdup.bam	9380904.35290873	0.0067717874201137	0.192401813595964	7.93868764708721
na12878-single-f14-r1-c5_S495_.trimmed.mdup.bam	8330945.98978891	0.00417198579633936	0.236933209490838	7.93322624605337
na12878-single-f14-r1-c6_S496_.trimmed.mdup.bam	7495023.03094246	0.00543235918617122	0.286963203118412	7.85510707086756
na12878-single-f14-r1-c7_S497_.trimmed.mdup.bam	9286206.8366095	0.00664077528345791	0.197396514911495	7.93907131045396
na12878-single-f14-r2-c1_S498_.trimmed.mdup.bam	8904559.65747759	0.00475814224847859	0.223186654796727	7.93378849399398
na12878-single-f14-r2-c2_S499_.trimmed.mdup.bam	4690585.2493277	0.00212758764791776	0.319057057907405	7.91183756992038
na12878-single-f14-r2-c3_S500_.trimmed.mdup.bam	8187901.65291603	0.00415631464615577	0.236590768783818	7.93345955602358
na12878-single-f14-r2-c4_S501_.trimmed.mdup.bam	7927435.13381261	0.00380402380951326	0.243932728257567	7.93125195536963
na12878-single-f14-r2-c5_S502_.trimmed.mdup.bam	8919547.25578699	0.00478304440780394	0.221712973206478	7.93253247939928
na12878-single-f14-r2-c6_S503_.trimmed.mdup.bam	10219296.4157451	0.00698493442609956	0.190558806022155	7.93958333743371
na12878-single-f14-r2-c7_S504_.trimmed.mdup.bam	7215646.3578874	0.0031227981306647	0.265937630471786	7.92784573707737
na12878-single-f14-r3-c1_S505_.trimmed.mdup.bam	3634047.12118848	0.00149016360610526	0.415790891942873	7.70094196333905
na12878-single-f14-r3-c2_S506_.trimmed.mdup.bam	6749539.45000686	0.00294583203068672	0.28494779335366	7.91924828674536
na12878-single-f14-r3-c3_S507_.trimmed.mdup.bam	1545328.13157527	0.000407944677537697	0.652147314327664	7.7045971526271
na12878-single-f14-r3-c4_S508_.trimmed.mdup.bam	5183552.43136799	0.00246719021834659	0.358011612508913	7.84119280207377
na12878-single-f14-r3-c5_S509_.trimmed.mdup.bam	9141847.47817474	0.00658410307846316	0.244525350385289	7.90632103872968
na12878-single-f14-r3-c6_S510_.trimmed.mdup.bam	9791228.17532626	0.00580872421488864	0.294340345166709	7.8674830738993
na12878-single-f14-r3-c7_S511_.trimmed.mdup.bam	6894761.16216704	0.00292169566821209	0.270043931905546	7.92627435808741
na12878-single-f14-r4-c3_S514_.trimmed.mdup.bam	6254866.80569964	0.00237933340561312	0.302953746394661	7.92045212844376
na12878-single-f14-r4-c4_S515_.trimmed.mdup.bam	10381219.0953781	0.00679116742320558	0.18965826129798	7.94141325785472
na12878-single-f14-r4-c5_S516_.trimmed.mdup.bam	11345611.2516169	0.00645266643454679	0.199893652792005	7.93826392535503
na12878-single-f14-r4-c6_S517_.trimmed.mdup.bam	6210223.24737967	0.0031899327720415	0.258595932021523	7.78441723507017
na12878-single-f14-r4-c7_S518_.trimmed.mdup.bam	5794616.6149269	0.00268200416817495	0.297585626052779	7.90513006336938
na12878-single-f14-r5-c2_S520_.trimmed.mdup.bam	4759316.43432574	0.00218655271020636	0.35917532407833	7.848287636662
na12878-single-f14-r5-c3_S521_.trimmed.mdup.bam	10502673.810233	0.00764763818289403	0.192296187975672	7.94070126861389
na12878-single-f14-r5-c4_S522_.trimmed.mdup.bam	10031378.2982764	0.00712925556155373	0.224011065795853	7.91402107010854
na12878-single-f14-r5-c5_S523_.trimmed.mdup.bam	8872925.88267637	0.00479275529471854	0.224697122665321	7.93555394788098
na12878-single-f14-r5-c6_S524_.trimmed.mdup.bam	4242858.49958307	0.00164128268620382	0.415452295848227	7.85378213944624
na12878-single-f14-r5-c7_S525_.trimmed.mdup.bam	8386214.64206423	0.00472852679572447	0.30440496159147	7.89561832486757
na12878-single-f14-r6-c1_S526_.trimmed.mdup.bam	8179194.6057128	0.0049234083325551	0.287305922944221	7.87902823343137
na12878-single-f14-r6-c2_S527_.trimmed.mdup.bam	10184817.2598199	0.00663936025925595	0.189224042548321	7.93829172757051
na12878-single-f14-r6-c3_S528_.trimmed.mdup.bam	10606709.1154843	0.00736604091920813	0.190616603513607	7.94103016376275
na12878-single-f14-r6-c4_S529_.trimmed.mdup.bam	4449552.52731841	0.00201843326382604	0.34983087942698	7.87067714080853
na12878-single-f14-r6-c5_S530_.trimmed.mdup.bam	7156886.3496022	0.00385926480009779	0.343522409877574	7.83632716522702
na12878-single-f14-r6-c6_S531_.trimmed.mdup.bam	3364331.49896536	0.00104745239915331	0.426991466844639	7.88119453679113
na12878-single-f14-r6-c7_S532_.trimmed.mdup.bam	9248693.68503802	0.00585087833633212	0.202906071613908	7.93863963914673
na12878-single-f14-r7-c1_S533_.trimmed.mdup.bam	9365103.11578574	0.00612069107122944	0.279032605275795	7.83518291223596
na12878-single-f14-r7-c2_S534_.trimmed.mdup.bam	9995577.17503505	0.00530133604017382	0.213420139713919	7.93844436765676
na12878-single-f14-r7-c3_S535_.trimmed.mdup.bam	7374896.28937464	0.00338638573048588	0.254711101878505	7.92734170602512
na12878-single-f14-r7-c4_S536_.trimmed.mdup.bam	11048541.3570366	0.00758834057372777	0.194563997005988	7.93805913428987
na12878-single-f14-r7-c5_S537_.trimmed.mdup.bam	9010754.89142901	0.00469654206789353	0.223455598455598	7.93605821094714
na12878-single-f14-r7-c6_S538_.trimmed.mdup.bam	10190161.5518577	0.00618055469007649	0.203201204543223	7.93863469945063
na12878-single-f15-r1-c1_S540_.trimmed.mdup.bam	8963532.04557236	0.00633791865730526	0.248148059166006	7.90569585050094
na12878-single-f15-r1-c3_S542_.trimmed.mdup.bam	8362952.33490323	0.0050437805881463	0.225837780469978	7.9328052263287
na12878-single-f15-r1-c5_S544_.trimmed.mdup.bam	8836586.59613788	0.00551893470582297	0.214157476275968	7.93779391992122
na12878-single-f15-r1-c6_S545_.trimmed.mdup.bam	9619342.25585586	0.00675791824010949	0.190543820494901	7.93945624204353
na12878-single-f15-r1-c7_S546_.trimmed.mdup.bam	6246375.76591325	0.00538294084208546	0.324735456023426	7.84374714201795
na12878-single-f15-r2-c1_S547_.trimmed.mdup.bam	9664246.81504217	0.00559712887846246	0.29784410378636	7.90021818608364
na12878-single-f15-r2-c2_S548_.trimmed.mdup.bam	5483200.06423108	0.00232202265880456	0.312632352305631	7.91522709865774
na12878-single-f15-r2-c3_S549_.trimmed.mdup.bam	8060871.6840404	0.00427341680348253	0.232117184001508	7.93408624741551
na12878-single-f15-r2-c4_S550_.trimmed.mdup.bam	7838910.96754994	0.00434938028922791	0.231086098862845	7.93230047892049
na12878-single-f15-r2-c5_S551_.trimmed.mdup.bam	8149525.37571928	0.00466622752194672	0.226875939727628	7.93367062477388
na12878-single-f15-r2-c6_S552_.trimmed.mdup.bam	9883195.73895057	0.00715193286245993	0.230606893905481	7.92777035651512
na12878-single-f15-r2-c7_S553_.trimmed.mdup.bam	7968418.78984592	0.004211364916087	0.240929854351517	7.93267211192611
na12878-single-f15-r3-c1_S554_.trimmed.mdup.bam	5408916.81876588	0.00235053199653033	0.301313768981402	7.91490980784088
na12878-single-f15-r3-c2_S555_.trimmed.mdup.bam	6969858.29320537	0.00286604733198772	0.271499308872675	7.92658452073394
na12878-single-f15-r3-c3_S556_.trimmed.mdup.bam	3001198.18678535	0.000885755608389897	0.468591119647497	7.86448509278599
na12878-single-f15-r3-c4_S557_.trimmed.mdup.bam	6258925.35207063	0.00302398669921806	0.30458489875985	7.89632734519299
na12878-single-f15-r3-c5_S558_.trimmed.mdup.bam	10655626.3227439	0.00715945839506353	0.191821740269117	7.94009634560817
na12878-single-f15-r3-c6_S559_.trimmed.mdup.bam	9292818.39090362	0.00633641620597869	0.214642542630694	7.92617806707432
na12878-single-f15-r3-c7_S560_.trimmed.mdup.bam	6446177.09526711	0.00357940345054157	0.307270677751162	7.90799330233449
na12878-single-f15-r4-c2_S562_.trimmed.mdup.bam	1816014.55826912	0.000550343387663028	0.568251951352333	7.81194564631902
na12878-single-f15-r4-c5_S565_.trimmed.mdup.bam	8890549.03640621	0.00588681703682443	0.20208430067585	7.93733806349287
na12878-single-f15-r4-c6_S566_.trimmed.mdup.bam	8074033.50026135	0.00396779683258399	0.239965538212041	7.93211072319303
na12878-single-f15-r4-c7_S567_.trimmed.mdup.bam	6140413.98549744	0.00298435695504654	0.298805653353099	7.91771630864235
na12878-single-f15-r5-c6_S573_.trimmed.mdup.bam	4871339.25351458	0.00198925203245747	0.316883509072149	7.91395098654131
na12878-single-f15-r6-c2_S576_.trimmed.mdup.bam	10019124.056741	0.00597517024134317	0.198947742382974	7.93898389502923
na12878-single-f15-r6-c3_S577_.trimmed.mdup.bam	9494136.89107575	0.00655518607129339	0.201620760582113	7.93775149728114
na12878-single-f15-r6-c4_S578_.trimmed.mdup.bam	4457909.16330945	0.00172973335577629	0.347275251648733	7.90429905924704
na12878-single-f15-r6-c6_S580_.trimmed.mdup.bam	3470274.34810507	0.00119743978369447	0.401601735213148	7.88562485949552
na12878-single-f15-r6-c7_S581_.trimmed.mdup.bam	6266900.84608414	0.00481591959708921	0.290831975969369	7.85740598870188
na12878-single-f15-r7-c1_S582_.trimmed.mdup.bam	5489607.16623653	0.0041396792071682	0.246893672341809	7.92837912073013
na12878-single-f15-r7-c2_S583_.trimmed.mdup.bam	8761979.1262206	0.00485104716814767	0.219011960478419	7.93405434471154
na12878-single-f15-r7-c3_S584_.trimmed.mdup.bam	7459319.31665908	0.00324786619425975	0.264928770971277	7.92605515340285
na12878-single-f15-r7-c4_S585_.trimmed.mdup.bam	7433503.68348004	0.00584171726889005	0.324079725181788	7.7918581363458
na12878-single-f15-r7-c5_S586_.trimmed.mdup.bam	9040174.10883723	0.00403365536174571	0.250223902875908	7.90793202229977
na12878-single-f15-r7-c6_S587_.trimmed.mdup.bam	8823053.2134256	0.00620978157783236	0.286119350542168	7.90139479133754
